1,5
2,3
2,4
3,5
5,6
FN:1
FP:0
1,5
2,3
2,4
3,5
5,6
FN:1
FP:0
1,5
2,3
3,5
4,2
5,6
FN:2
FP:1
1,5
2,3
2,4
3,5
5,6
FN:1
FP:0
1,5
2,3
2,4
3,1
3,5
5,6
FN:1
FP:1
1,5
2,3
2,4
3,5
5,6
FN:1
FP:0
1,5
2,3
2,4
3,5
5,6
FN:1
FP:0
1,5
2,3
2,4
3,5
5,6
FN:1
FP:0
1,5
2,3
2,4
3,5
5,6
FN:1
FP:0
1,5
2,3
2,4
3,5
5,6
FN:1
FP:0
1,5
2,3
2,4
3,5
5,6
FN:1
FP:0
1,5
2,3
2,4
3,1
3,5
5,6
FN:1
FP:1
1,5
1,6
2,3
2,4
3,5
5,6
FN:1
FP:1
1,5
2,3
2,4
3,5
5,6
FN:1
FP:0
1,5
2,3
2,4
3,5
5,6
FN:1
FP:0
1,5
2,3
2,4
3,1
3,5
5,6
FN:1
FP:1
1,3
1,5
2,3
2,4
3,5
5,6
FN:0
FP:0
1,5
2,3
2,4
3,5
5,6
FN:1
FP:0
1,5
2,3
2,4
3,5
5,6
FN:1
FP:0
1,5
2,3
2,4
3,5
5,6
FN:1
FP:0
1,5
2,3
2,4
3,5
5,6
FN:1
FP:0
1,5
2,3
2,4
3,1
3,5
5,6
FN:1
FP:1
1,5
2,3
3,5
4,2
5,6
FN:2
FP:1
1,5
2,3
2,4
3,5
5,6
FN:1
FP:0
1,5
2,3
2,4
3,1
3,5
5,6
FN:1
FP:1
1,5
2,3
2,4
3,5
5,6
FN:1
FP:0
1,5
2,3
2,4
3,5
5,6
FN:1
FP:0
1,5
2,3
2,4
3,5
5,6
FN:1
FP:0
1,5
2,3
2,4
3,5
5,6
FN:1
FP:0
1,5
2,3
2,4
3,5
5,6
FN:1
FP:0
1,5
2,3
2,4
3,5
5,6
FN:1
FP:0
1,5
2,3
2,4
3,1
3,5
5,6
FN:1
FP:1
1,5
2,3
3,5
4,2
5,6
FN:2
FP:1
1,5
2,3
2,4
3,5
5,6
FN:1
FP:0
1,5
2,3
2,4
3,1
3,5
5,6
FN:1
FP:1
1,5
2,3
2,4
3,5
5,6
FN:1
FP:0
1,5
2,3
2,4
3,5
5,6
FN:1
FP:0
1,5
2,3
2,4
3,5
5,6
FN:1
FP:0
1,5
2,3
2,4
3,5
5,6
FN:1
FP:0
1,5
2,3
2,4
3,5
5,6
FN:1
FP:0
1,5
2,3
2,4
3,5
5,6
FN:1
FP:0
1,5
2,3
2,4
3,5
5,6
FN:1
FP:0
1,5
2,3
2,4
3,5
5,6
FN:1
FP:0
1,5
2,3
2,4
3,5
5,6
FN:1
FP:0
1,5
2,3
3,5
4,2
5,6
FN:2
FP:1
1,5
2,3
2,4
3,5
5,6
FN:1
FP:0
1,5
2,3
2,4
3,5
5,6
FN:1
FP:0
1,5
2,3
2,4
3,5
5,6
FN:1
FP:0
1,5
2,3
2,4
3,5
5,6
FN:1
FP:0
1,5
2,3
2,4
3,5
5,6
FN:1
FP:0
3,2
3,4
3,6
4,7
5,7
6,4
6,5
6,8
6,9
7,9
8,5
8,9
FN:4
FP:5
3,2
3,4
3,6
4,7
5,7
6,4
6,5
6,8
6,9
7,9
8,5
8,9
FN:4
FP:5
3,2
3,4
3,6
4,7
5,7
6,4
6,5
6,8
6,9
7,9
8,5
8,9
FN:4
FP:5
3,2
3,4
3,6
4,7
5,7
5,8
6,4
6,8
6,9
7,9
8,9
FN:3
FP:3
3,2
3,4
3,6
4,7
5,7
6,4
6,5
6,8
6,9
7,9
8,5
8,9
FN:4
FP:5
3,2
4,3
4,6
4,7
5,7
6,3
6,5
6,8
6,9
7,9
8,5
8,9
FN:4
FP:5
3,2
3,4
3,6
4,7
5,7
6,4
6,5
6,8
6,9
7,9
8,5
8,9
FN:4
FP:5
3,2
3,6
4,6
4,7
5,7
6,5
6,8
6,9
7,9
8,5
8,9
FN:3
FP:3
3,2
3,4
4,7
5,7
5,8
6,3
6,4
6,8
6,9
7,9
8,9
FN:4
FP:4
3,2
3,4
3,6
4,7
5,7
5,8
6,4
6,8
6,9
7,9
8,9
FN:3
FP:3
3,6
4,2
4,3
5,2
5,4
5,7
6,7
8,5
FN:5
FP:5
3,4
3,6
4,2
5,2
5,4
5,7
6,7
8,5
FN:4
FP:4
3,4
3,6
4,2
5,2
5,4
5,7
6,7
8,5
FN:4
FP:4
3,4
3,6
4,2
5,2
5,4
5,8
6,5
6,7
7,5
FN:4
FP:5
3,4
3,6
4,2
5,2
5,4
5,7
6,7
8,5
FN:4
FP:4
3,4
3,6
4,2
5,2
5,4
5,8
6,5
6,7
7,5
FN:4
FP:5
3,6
4,2
5,2
5,7
8,5
FN:6
FP:3
3,4
3,6
4,2
5,2
5,4
5,8
6,5
6,7
7,5
FN:4
FP:5
3,4
3,6
4,2
5,2
5,4
5,7
6,7
8,5
FN:4
FP:4
3,4
3,6
4,2
5,2
5,4
6,5
6,7
7,5
8,5
8,7
FN:5
FP:7
1,5
2,3
2,4
3,5
5,6
FN:1
FP:0
1,5
2,3
2,4
3,1
3,5
5,6
FN:1
FP:1
1,5
2,3
3,5
4,2
5,6
FN:2
FP:1
1,5
2,3
2,4
3,5
5,6
FN:1
FP:0
1,5
2,3
2,4
3,1
3,5
5,6
FN:1
FP:1
1,5
2,3
2,4
3,5
5,6
FN:1
FP:0
1,5
2,3
2,4
3,5
5,6
FN:1
FP:0
1,5
2,3
2,4
3,5
5,6
FN:1
FP:0
1,5
2,3
2,4
3,5
5,6
FN:1
FP:0
1,5
2,3
2,4
3,5
5,6
FN:1
FP:0
1,5
2,3
2,4
3,5
5,6
FN:1
FP:0
1,5
2,3
2,4
3,5
5,6
FN:1
FP:0
1,5
2,3
2,4
3,5
5,6
FN:1
FP:0
1,5
2,3
2,4
3,1
3,5
5,6
FN:1
FP:1
1,5
2,3
2,4
3,5
5,6
FN:1
FP:0
1,5
2,3
2,4
3,5
5,6
FN:1
FP:0
1,5
2,3
2,4
3,5
5,6
FN:1
FP:0
1,5
2,3
2,4
3,5
5,6
FN:1
FP:0
1,5
2,3
2,4
3,5
5,6
FN:1
FP:0
1,5
2,3
2,4
3,5
5,6
FN:1
FP:0
1,5
2,3
2,4
3,5
5,6
FN:1
FP:0
1,5
2,3
2,4
3,5
5,6
FN:1
FP:0
1,5
2,3
2,4
3,5
5,6
FN:1
FP:0
1,5
2,3
2,4
3,5
5,6
FN:1
FP:0
1,5
2,3
2,4
3,5
5,6
FN:1
FP:0
1,5
2,3
2,4
3,5
5,6
FN:1
FP:0
1,5
2,3
2,4
3,5
5,6
FN:1
FP:0
1,5
2,3
2,4
3,5
5,6
FN:1
FP:0
1,5
2,3
2,4
3,5
5,6
FN:1
FP:0
1,5
2,3
2,4
3,1
3,5
5,6
FN:1
FP:1
1,5
2,3
2,4
3,5
5,6
FN:1
FP:0
1,5
2,3
2,4
3,5
5,6
FN:1
FP:0
1,5
2,3
2,4
3,5
5,6
FN:1
FP:0
1,5
2,3
2,4
3,1
3,5
5,6
FN:1
FP:1
1,5
2,3
2,4
3,5
5,6
FN:1
FP:0
1,5
2,3
2,4
3,5
5,6
FN:1
FP:0
1,5
2,3
2,4
3,5
5,6
FN:1
FP:0
1,5
2,3
2,4
3,5
5,6
FN:1
FP:0
1,5
2,3
2,4
3,5
5,6
FN:1
FP:0
1,5
2,3
2,4
3,5
5,6
FN:1
FP:0
1,5
2,3
2,4
3,5
5,6
FN:1
FP:0
1,5
2,3
2,4
3,5
5,6
FN:1
FP:0
1,5
2,3
2,4
3,5
5,6
FN:1
FP:0
1,5
2,3
2,4
3,5
5,6
FN:1
FP:0
1,5
2,3
2,4
3,5
5,6
FN:1
FP:0
1,5
2,3
2,4
3,5
5,6
FN:1
FP:0
1,5
2,3
2,4
3,5
5,6
FN:1
FP:0
1,5
2,3
2,4
3,5
5,6
FN:1
FP:0
1,5
2,3
2,4
3,5
5,6
FN:1
FP:0
1,5
2,3
2,4
3,1
3,5
5,6
FN:1
FP:1
1,5
2,3
2,4
3,5
5,6
FN:1
FP:0
1,5
2,3
2,4
3,5
5,6
FN:1
FP:0
1,5
2,3
2,4
3,5
5,6
FN:1
FP:0
1,5
2,3
2,4
3,1
3,5
5,6
FN:1
FP:1
1,5
2,3
2,4
3,5
5,6
FN:1
FP:0
1,5
2,3
2,4
3,5
5,6
FN:1
FP:0
1,5
2,3
2,4
3,5
5,6
FN:1
FP:0
1,5
2,3
2,4
3,5
5,6
FN:1
FP:0
1,5
2,3
2,4
3,5
5,6
FN:1
FP:0
1,5
2,3
2,4
3,5
5,6
FN:1
FP:0
1,5
2,3
2,4
3,5
5,6
FN:1
FP:0
1,5
2,3
2,4
3,5
5,6
FN:1
FP:0
1,5
2,3
2,4
3,5
5,6
FN:1
FP:0
1,5
2,3
2,4
3,5
5,6
FN:1
FP:0
1,5
2,3
2,4
3,5
5,6
FN:1
FP:0
1,5
2,3
2,4
3,5
5,6
FN:1
FP:0
1,5
2,3
2,4
3,5
5,6
FN:1
FP:0
1,5
2,3
2,4
3,5
5,6
FN:1
FP:0
1,5
2,3
2,4
3,5
5,6
FN:1
FP:0
1,5
2,3
2,4
3,1
3,5
5,6
FN:1
FP:1
3,4
3,6
4,2
5,2
5,4
5,8
6,5
6,7
7,5
FN:4
FP:5
3,4
3,6
4,2
5,2
5,4
5,7
6,7
8,5
FN:4
FP:4
3,4
3,6
4,2
5,2
5,4
5,7
6,7
8,5
FN:4
FP:4
3,4
3,6
4,2
5,2
5,4
5,7
6,7
8,5
FN:4
FP:4
3,4
3,6
4,2
5,2
5,4
5,8
6,5
6,7
7,5
FN:4
FP:5
3,4
3,6
4,2
5,2
5,4
5,8
6,5
6,7
7,5
FN:4
FP:5
2,4
3,6
5,2
5,4
5,7
6,7
8,5
FN:5
FP:4
3,4
3,6
4,2
5,2
5,4
5,7
6,7
8,5
FN:4
FP:4
3,4
3,6
4,2
5,2
5,4
5,8
6,5
6,7
7,5
FN:4
FP:5
3,6
4,2
5,2
5,4
5,7
6,7
8,5
FN:5
FP:4
3,4
3,6
4,2
5,2
5,4
5,8
6,5
6,7
7,5
FN:4
FP:5
3,4
3,6
4,2
5,2
5,4
5,8
6,5
6,7
7,5
FN:4
FP:5
3,6
3,8
4,2
5,2
5,4
5,7
6,7
8,5
FN:5
FP:5
3,4
3,6
4,2
5,2
5,4
5,8
6,5
6,7
7,5
FN:4
FP:5
3,4
3,6
4,2
5,2
5,4
5,8
6,5
6,7
7,5
FN:4
FP:5
3,4
3,6
4,2
5,2
5,4
5,7
6,7
8,5
FN:4
FP:4
3,4
3,6
4,2
5,2
5,4
5,8
6,5
6,7
7,5
FN:4
FP:5
3,4
3,6
4,2
5,2
5,4
5,8
6,5
6,7
7,5
FN:4
FP:5
3,6
4,2
5,2
5,4
5,7
6,7
8,5
FN:5
FP:4
3,4
3,6
4,2
5,2
5,4
5,7
6,7
8,5
FN:4
FP:4
3,4
3,6
4,2
5,2
5,4
5,8
6,5
6,7
7,5
FN:4
FP:5
3,4
3,6
4,2
5,2
5,4
5,7
6,7
8,5
FN:4
FP:4
3,4
3,6
4,2
5,2
5,4
5,8
6,5
6,7
7,5
FN:4
FP:5
3,4
3,6
4,2
5,2
5,4
5,7
6,7
8,5
FN:4
FP:4
3,4
3,6
4,2
5,2
5,4
5,8
6,5
6,7
7,5
FN:4
FP:5
3,4
3,6
4,2
5,2
5,4
5,7
6,7
8,5
FN:4
FP:4
3,4
3,6
4,2
5,2
5,4
5,7
6,7
8,5
FN:4
FP:4
3,6
4,2
5,2
5,4
5,7
6,7
8,5
FN:5
FP:4
3,4
3,6
4,2
5,2
5,4
5,8
6,5
6,7
7,5
FN:4
FP:5
2,4
2,8
3,4
3,6
5,4
5,7
6,7
8,5
FN:4
FP:4
1,5
2,3
2,4
3,5
5,6
FN:1
FP:0
1,5
2,3
2,4
3,5
5,6
FN:1
FP:0
1,5
2,3
2,4
3,5
5,6
FN:1
FP:0
1,5
2,3
2,4
3,5
5,6
FN:1
FP:0
1,5
2,3
2,4
3,5
5,6
FN:1
FP:0
1,5
2,3
2,4
3,5
5,6
FN:1
FP:0
1,5
2,3
2,4
3,5
5,6
FN:1
FP:0
1,5
2,3
2,4
3,5
5,6
FN:1
FP:0
1,5
2,3
2,4
3,5
5,6
FN:1
FP:0
1,5
2,3
2,4
3,5
5,6
FN:1
FP:0
1,5
2,3
2,4
3,5
5,6
FN:1
FP:0
1,5
2,3
2,4
3,5
5,6
FN:1
FP:0
1,5
2,3
2,4
3,5
5,6
FN:1
FP:0
1,5
2,3
2,4
3,5
5,6
FN:1
FP:0
1,5
2,3
2,4
3,5
5,6
FN:1
FP:0
1,5
2,3
2,4
3,5
5,6
FN:1
FP:0
1,5
2,3
2,4
3,5
5,6
FN:1
FP:0
1,5
2,3
2,4
3,5
5,6
FN:1
FP:0
1,5
2,3
2,4
3,5
5,6
FN:1
FP:0
1,5
2,3
2,4
3,5
5,6
FN:1
FP:0
1,5
2,3
2,4
3,5
5,6
FN:1
FP:0
1,5
2,3
2,4
3,5
5,6
FN:1
FP:0
1,5
2,3
2,4
3,5
5,6
FN:1
FP:0
1,5
2,3
2,4
3,5
5,6
FN:1
FP:0
1,5
2,3
2,4
3,5
5,6
FN:1
FP:0
1,5
2,3
2,4
3,5
5,6
FN:1
FP:0
1,5
2,3
2,4
3,5
5,6
FN:1
FP:0
1,5
2,3
2,4
3,5
5,6
FN:1
FP:0
1,5
2,3
2,4
3,5
5,6
FN:1
FP:0
1,5
2,3
2,4
3,5
5,6
FN:1
FP:0
3,4
3,6
4,2
5,2
5,4
5,8
6,5
6,7
7,5
FN:4
FP:5
3,4
3,6
4,2
5,2
5,4
5,7
6,7
8,5
FN:4
FP:4
3,4
3,6
4,2
5,2
5,4
5,7
6,7
8,5
FN:4
FP:4
3,4
3,6
4,2
5,2
5,4
5,7
6,7
8,5
FN:4
FP:4
3,4
3,6
4,2
5,2
5,4
5,8
6,5
6,7
7,5
FN:4
FP:5
3,4
3,6
4,2
5,2
5,4
5,8
6,5
6,7
7,5
FN:4
FP:5
2,4
3,6
5,2
5,4
5,7
6,7
8,5
FN:5
FP:4
3,4
3,6
4,2
5,2
5,4
5,7
6,7
8,5
FN:4
FP:4
3,4
3,6
4,2
5,2
5,4
5,8
6,5
6,7
7,5
FN:4
FP:5
3,6
4,2
5,2
5,4
5,7
6,7
8,5
FN:5
FP:4
3,4
3,6
4,2
5,2
5,4
5,8
6,5
6,7
7,5
FN:4
FP:5
3,4
3,6
4,2
5,2
5,4
5,8
6,5
6,7
7,5
FN:4
FP:5
3,6
3,8
4,2
5,2
5,4
5,7
6,7
8,5
FN:5
FP:5
3,4
3,6
4,2
5,2
5,4
5,8
6,5
6,7
7,5
FN:4
FP:5
3,4
3,6
4,2
5,2
5,4
5,8
6,5
6,7
7,5
FN:4
FP:5
3,4
3,6
4,2
5,2
5,4
5,7
6,7
8,5
FN:4
FP:4
3,4
3,6
4,2
5,2
5,4
5,8
6,5
6,7
7,5
FN:4
FP:5
3,4
3,6
4,2
5,2
5,4
5,8
6,5
6,7
7,5
FN:4
FP:5
3,6
4,2
5,2
5,4
5,7
6,7
8,5
FN:5
FP:4
3,4
3,6
4,2
5,2
5,4
5,7
6,7
8,5
FN:4
FP:4
3,4
3,6
4,2
5,2
5,4
5,8
6,5
6,7
7,5
FN:4
FP:5
3,4
3,6
4,2
5,2
5,4
5,7
6,7
8,5
FN:4
FP:4
3,4
3,6
4,2
5,2
5,4
5,8
6,5
6,7
7,5
FN:4
FP:5
3,4
3,6
4,2
5,2
5,4
5,7
6,7
8,5
FN:4
FP:4
3,4
3,6
4,2
5,2
5,4
5,8
6,5
6,7
7,5
FN:4
FP:5
3,4
3,6
4,2
5,2
5,4
5,7
6,7
8,5
FN:4
FP:4
3,4
3,6
4,2
5,2
5,4
5,7
6,7
8,5
FN:4
FP:4
3,6
4,2
5,2
5,4
5,7
6,7
8,5
FN:5
FP:4
3,4
3,6
4,2
5,2
5,4
5,8
6,5
6,7
7,5
FN:4
FP:5
2,4
2,8
3,4
3,6
5,4
5,7
6,7
8,5
FN:4
FP:4
3,2
3,4
3,6
4,7
5,7
5,8
6,4
6,8
6,9
7,9
8,9
FN:3
FP:3
3,2
3,4
3,6
4,7
5,7
5,8
6,4
6,8
6,9
7,9
8,9
FN:3
FP:3
3,2
3,4
3,6
4,7
5,7
5,8
6,4
6,8
6,9
7,9
8,9
FN:3
FP:3
3,2
3,6
4,6
4,7
5,7
5,8
6,8
6,9
7,9
8,9
FN:2
FP:1
3,2
3,6
4,6
4,7
5,7
5,8
6,8
6,9
7,9
8,9
FN:2
FP:1
3,2
3,4
3,6
4,7
5,7
5,8
6,4
6,8
6,9
7,9
8,9
FN:3
FP:3
3,2
3,6
4,6
4,7
5,7
5,8
6,8
6,9
7,9
8,9
FN:2
FP:1
3,2
3,6
4,6
4,7
5,7
5,8
6,8
6,9
7,9
8,9
FN:2
FP:1
3,2
3,6
4,6
4,7
5,7
5,8
6,8
6,9
7,9
8,9
FN:2
FP:1
3,2
3,6
4,6
4,7
5,7
5,8
6,8
6,9
7,9
8,9
FN:2
FP:1
3,2
3,4
3,6
4,7
5,7
5,8
6,4
6,8
6,9
7,9
8,9
FN:3
FP:3
3,2
3,4
3,6
4,7
5,7
5,8
6,4
6,8
6,9
7,9
8,9
FN:3
FP:3
3,2
3,4
3,6
4,7
5,7
5,8
6,4
6,8
6,9
7,9
8,9
FN:3
FP:3
3,2
3,4
3,6
4,7
5,7
5,8
6,4
6,8
6,9
7,9
8,9
FN:3
FP:3
3,2
3,4
3,6
4,7
5,7
5,8
6,4
6,8
6,9
7,9
8,9
FN:3
FP:3
3,2
3,6
4,6
4,7
5,7
5,8
6,8
6,9
7,9
8,9
FN:2
FP:1
3,2
3,4
3,6
4,7
5,7
5,8
6,4
6,8
6,9
7,9
8,9
FN:3
FP:3
3,2
3,4
3,6
4,7
5,7
5,8
6,4
6,8
6,9
7,9
8,9
FN:3
FP:3
3,2
3,6
4,6
4,7
5,7
5,8
6,8
6,9
7,9
8,9
FN:2
FP:1
3,2
3,4
3,6
4,7
5,7
5,8
6,4
6,8
6,9
7,9
8,9
FN:3
FP:3
3,2
3,6
4,6
4,7
5,7
5,8
6,8
6,9
7,9
8,9
FN:2
FP:1
3,2
3,6
4,6
4,7
5,7
5,8
6,8
6,9
7,9
8,9
FN:2
FP:1
3,2
3,6
4,6
4,7
5,7
5,8
6,8
6,9
7,9
8,9
FN:2
FP:1
3,2
4,3
4,6
4,7
5,7
5,8
6,3
6,8
6,9
7,9
8,9
FN:3
FP:3
3,2
3,6
4,6
4,7
5,7
5,8
6,8
6,9
7,9
8,9
FN:2
FP:1
3,2
3,6
4,6
4,7
5,7
5,8
6,8
6,9
7,9
8,9
FN:2
FP:1
3,2
3,6
4,6
4,7
5,7
5,8
6,8
6,9
7,9
8,9
FN:2
FP:1
3,2
3,4
3,6
4,7
5,7
5,8
6,4
6,8
6,9
7,9
8,9
FN:3
FP:3
3,2
3,6
4,6
4,7
5,7
5,8
6,8
6,9
7,9
8,9
FN:2
FP:1
3,2
3,4
3,6
4,7
5,7
6,4
6,5
6,8
6,9
7,9
8,5
8,9
FN:4
FP:5
1,3
2,3
2,4
2,13
2,14
3,4
3,5
3,9
4,5
4,9
4,10
4,14
5,7
5,12
6,7
6,8
7,9
8,10
8,11
8,12
9,12
10,13
13,14
15,6
FN:2
FP:1
1,3
2,3
2,4
2,13
2,14
3,4
3,5
3,9
4,5
4,9
4,10
4,14
5,7
5,12
6,7
6,8
6,15
7,9
8,10
8,11
8,12
9,12
10,13
13,14
FN:1
FP:0
1,3
2,3
2,4
2,13
2,14
3,4
3,5
3,9
4,5
4,9
4,10
4,14
5,7
5,12
6,7
6,8
6,15
7,9
8,10
8,11
8,12
9,12
10,13
13,14
FN:1
FP:0
1,3
2,3
2,4
2,13
2,14
3,4
3,5
3,9
4,5
4,9
4,10
4,14
5,7
5,12
6,7
6,8
7,9
8,10
8,11
8,12
9,12
10,13
13,14
15,6
FN:2
FP:1
1,3
2,3
2,4
2,13
2,14
3,4
3,5
3,9
4,5
4,9
4,10
4,14
5,7
5,12
6,7
6,8
7,9
8,10
8,11
8,12
9,12
10,13
13,14
15,6
FN:2
FP:1
1,3
2,3
2,4
2,13
2,14
3,4
3,5
3,9
4,5
4,9
4,10
4,14
5,7
5,12
6,7
6,8
6,15
7,9
8,10
8,11
8,12
9,12
10,13
13,14
FN:1
FP:0
1,3
2,13
2,14
3,4
3,9
4,2
4,9
4,10
4,14
5,4
5,12
6,5
6,7
6,8
6,15
7,5
7,9
8,10
8,11
8,12
9,12
10,13
13,14
FN:6
FP:4
1,3
2,3
2,4
2,13
2,14
3,4
3,5
3,9
4,5
4,9
4,10
4,14
5,7
5,12
6,7
6,8
6,15
7,9
8,10
8,11
8,12
9,12
10,13
13,14
FN:1
FP:0
1,3
2,3
2,4
2,13
2,14
3,4
3,5
3,9
4,5
4,9
4,10
4,14
5,7
5,12
6,7
6,8
7,9
8,10
8,11
8,12
9,12
10,13
13,14
15,6
FN:2
FP:1
1,3
2,3
2,4
2,13
2,14
3,4
3,5
3,9
4,5
4,9
4,10
4,14
5,7
5,12
6,7
6,8
6,15
7,9
8,10
8,11
8,12
9,12
10,13
13,14
FN:1
FP:0
1,3
2,3
2,4
2,13
2,14
3,4
3,5
3,9
4,5
4,9
4,10
4,14
5,7
5,12
6,7
6,8
7,9
8,10
8,11
8,12
9,12
10,13
13,14
15,6
FN:2
FP:1
1,3
2,3
2,4
2,13
2,14
3,4
3,5
3,9
4,5
4,9
4,10
4,14
5,7
5,12
6,7
6,8
6,15
7,9
8,10
8,11
8,12
9,12
10,13
13,14
FN:1
FP:0
1,3
2,3
2,4
2,13
2,14
3,4
3,5
3,9
4,5
4,9
4,10
4,14
5,7
5,12
6,7
6,8
6,15
7,9
8,10
8,11
8,12
9,12
10,13
13,14
FN:1
FP:0
1,3
2,3
2,4
2,13
2,14
3,4
3,5
3,9
4,5
4,9
4,10
4,14
5,7
5,12
6,7
6,8
6,15
7,9
8,10
8,11
8,12
9,12
10,13
13,14
FN:1
FP:0
1,3
2,3
2,4
2,13
2,14
3,4
3,5
3,9
4,5
4,9
4,10
4,14
5,7
5,12
6,7
6,8
7,9
8,10
8,11
8,12
9,12
10,13
13,14
15,6
FN:2
FP:1
1,3
2,3
2,4
2,13
2,14
3,4
3,5
3,9
4,5
4,9
4,10
4,14
5,7
5,12
6,7
6,8
7,9
8,10
8,11
8,12
9,12
10,13
13,14
15,6
FN:2
FP:1
1,3
2,3
2,4
2,13
2,14
3,4
3,5
3,9
4,5
4,9
4,10
4,14
5,7
5,12
6,7
6,8
7,9
8,10
8,11
8,12
9,12
10,13
13,14
15,6
FN:2
FP:1
2,4
2,13
2,14
3,1
3,5
3,9
4,3
4,5
4,9
4,10
4,14
5,7
5,12
6,7
6,8
6,15
7,9
8,10
8,11
8,12
9,12
10,13
13,14
FN:4
FP:2
2,1
2,4
2,10
2,13
2,14
3,1
3,5
3,9
4,3
4,5
4,9
4,14
5,7
5,12
6,7
6,8
6,15
7,9
8,4
8,10
8,11
8,12
9,12
10,4
10,13
13,14
FN:5
FP:6
1,3
2,3
2,4
2,13
2,14
3,4
3,5
3,9
4,5
4,9
4,10
4,14
5,7
5,12
6,7
6,8
7,9
8,10
8,11
8,12
9,12
10,13
13,14
15,6
FN:2
FP:1
1,3
2,3
2,4
2,13
2,14
3,4
3,5
3,9
4,5
4,9
4,10
4,14
5,7
5,12
6,7
6,8
7,9
8,10
8,11
8,12
9,12
10,13
13,14
15,6
FN:2
FP:1
2,4
2,10
2,13
2,14
3,1
3,5
3,9
4,3
4,5
4,9
4,14
5,7
5,12
6,7
6,8
7,9
8,4
8,10
8,11
8,12
9,12
10,4
10,13
13,14
15,6
FN:6
FP:6
1,3
2,3
2,4
2,13
2,14
3,4
3,5
3,9
4,5
4,9
4,10
4,14
5,7
5,12
6,7
6,8
6,15
7,9
8,10
8,11
8,12
9,12
10,13
13,14
FN:1
FP:0
1,3
2,3
2,4
2,13
2,14
3,4
3,5
3,9
4,5
4,9
4,10
4,14
5,7
5,12
6,7
6,8
6,15
7,9
8,10
8,11
8,12
9,12
10,13
13,14
FN:1
FP:0
2,4
2,10
2,13
2,14
3,1
3,5
3,9
4,3
4,5
4,9
4,14
5,7
5,12
6,7
6,8
7,9
8,4
8,10
8,11
8,12
9,12
10,4
10,13
13,14
15,6
FN:6
FP:6
1,3
2,3
2,4
2,13
2,14
3,4
3,5
3,9
4,5
4,9
4,10
4,14
5,7
5,12
6,7
6,8
7,9
8,10
8,11
8,12
9,12
10,13
13,14
15,6
FN:2
FP:1
1,3
2,3
2,4
2,13
2,14
3,4
3,5
3,9
4,5
4,9
4,10
4,14
5,7
5,12
6,7
6,8
7,9
8,10
8,11
8,12
9,12
10,13
13,14
15,6
FN:2
FP:1
1,3
2,3
2,4
2,13
2,14
3,4
3,5
3,9
4,5
4,9
4,10
4,14
5,7
5,12
6,7
6,8
6,15
7,9
8,10
8,11
8,12
9,12
10,13
13,14
FN:1
FP:0
1,3
2,3
2,4
2,13
2,14
3,4
3,5
3,9
4,5
4,9
4,10
4,14
5,7
5,12
6,7
6,8
7,9
8,10
8,11
8,12
9,12
10,13
13,14
15,6
FN:2
FP:1
1,3
2,3
2,4
2,13
2,14
3,4
3,5
3,9
4,5
4,9
4,10
4,14
5,7
5,12
6,7
6,8
6,15
7,9
8,10
8,11
8,12
9,12
10,13
13,14
FN:1
FP:0
1,3
2,9
4,1
4,11
4,14
5,4
5,6
5,7
6,11
7,14
8,5
8,14
9,10
10,14
11,12
11,13
11,14
FN:4
FP:3
1,3
2,9
4,1
4,11
4,14
5,4
5,6
5,7
6,11
7,14
8,5
8,14
9,10
10,14
11,12
11,13
11,14
FN:4
FP:3
1,3
2,9
4,1
4,11
4,14
5,4
5,6
5,7
6,11
7,14
8,5
8,14
9,10
10,14
11,12
11,13
11,14
FN:4
FP:3
1,3
2,9
4,1
4,11
4,14
5,4
5,6
5,7
6,11
7,14
8,5
8,14
9,10
10,14
11,12
11,13
11,14
FN:4
FP:3
1,3
2,9
4,1
4,11
4,14
5,4
5,6
5,7
6,11
7,14
8,5
8,14
9,10
10,14
11,12
11,13
11,14
FN:4
FP:3
1,3
2,9
4,1
4,11
4,14
5,4
5,6
5,7
6,11
7,14
8,5
8,14
9,10
10,14
11,12
11,13
11,14
FN:4
FP:3
1,3
2,9
4,1
4,11
4,14
5,4
5,6
5,7
6,11
7,14
8,5
8,14
9,10
10,14
11,12
11,13
11,14
FN:4
FP:3
1,3
2,9
4,1
4,11
4,14
5,4
5,6
5,7
6,11
7,14
8,5
8,14
9,10
10,14
11,12
11,13
11,14
FN:4
FP:3
1,3
2,9
4,1
4,11
4,14
5,4
5,6
5,7
6,11
7,14
8,5
8,14
9,10
10,14
11,12
11,13
11,14
FN:4
FP:3
1,3
2,9
4,1
4,11
4,14
5,4
5,6
5,7
6,11
7,14
8,5
8,14
9,10
10,14
11,12
11,13
11,14
FN:4
FP:3
1,3
2,9
4,1
4,11
4,14
5,4
5,6
5,7
6,11
7,14
8,5
8,14
9,10
10,14
11,12
11,13
11,14
FN:4
FP:3
1,3
2,9
4,1
4,11
4,14
5,4
5,6
5,7
6,11
7,14
8,5
8,14
9,10
10,14
11,12
11,13
11,14
FN:4
FP:3
1,3
1,4
2,9
4,5
4,11
4,14
5,6
5,7
5,8
6,11
7,14
8,14
9,10
10,14
11,12
11,13
11,14
FN:1
FP:0
1,3
1,4
2,9
4,5
4,11
4,14
5,6
5,7
5,8
6,11
7,14
8,14
9,10
10,14
11,12
11,13
11,14
FN:1
FP:0
1,3
2,9
4,1
4,11
4,14
5,4
5,6
5,7
6,11
7,14
8,5
8,14
9,10
10,14
11,12
11,13
11,14
FN:4
FP:3
1,3
2,9
4,1
4,11
4,14
5,4
5,6
5,7
6,11
7,14
8,5
8,14
9,10
10,14
11,12
11,13
11,14
FN:4
FP:3
1,3
1,4
2,9
4,5
4,11
4,14
5,6
5,7
5,8
6,11
7,14
8,14
9,10
10,14
11,12
11,13
11,14
FN:1
FP:0
1,3
2,9
4,1
4,11
4,14
5,4
5,6
5,7
6,11
7,14
8,5
8,14
9,10
10,14
11,12
11,13
11,14
FN:4
FP:3
1,3
2,9
4,1
4,11
4,14
5,4
5,6
5,7
6,11
7,14
8,5
8,14
9,10
10,14
11,12
11,13
11,14
FN:4
FP:3
1,3
2,9
4,1
4,11
4,14
5,4
5,6
5,7
6,11
7,14
8,5
8,14
9,10
10,14
11,12
11,13
11,14
FN:4
FP:3
1,3
2,9
4,1
4,11
4,14
5,4
5,6
5,7
6,11
7,14
8,5
8,14
9,10
10,14
11,12
11,13
11,14
FN:4
FP:3
1,3
2,9
4,1
4,11
4,14
5,4
5,6
5,7
6,11
7,14
8,5
8,14
9,10
10,14
11,12
11,13
11,14
FN:4
FP:3
1,3
2,9
4,1
4,11
4,14
5,4
5,6
5,7
6,11
7,14
8,5
8,14
9,10
10,14
11,12
11,13
11,14
FN:4
FP:3
1,3
2,9
4,1
4,11
4,14
5,4
5,6
5,7
6,11
7,14
8,5
8,14
9,10
10,14
11,12
11,13
11,14
FN:4
FP:3
1,3
2,9
4,1
4,11
4,14
5,4
5,6
5,7
6,11
7,14
8,5
8,14
9,10
10,14
11,12
11,13
11,14
FN:4
FP:3
1,3
2,9
4,1
4,11
4,14
5,4
5,6
5,7
6,11
7,14
8,5
8,14
9,10
10,14
11,12
11,13
11,14
FN:4
FP:3
1,3
2,9
4,1
4,11
4,14
5,4
5,6
5,7
6,11
7,14
8,5
8,14
9,10
10,14
11,12
11,13
11,14
FN:4
FP:3
1,3
1,4
2,9
4,5
4,11
4,14
5,6
5,7
5,8
6,11
7,14
8,14
9,10
10,14
11,12
11,13
11,14
FN:1
FP:0
1,3
2,9
4,1
4,11
4,14
5,4
5,6
5,7
6,11
7,14
8,5
8,14
9,10
10,14
11,12
11,13
11,14
FN:4
FP:3
1,3
2,9
4,1
4,11
4,14
5,4
5,6
5,7
6,11
7,14
8,5
8,14
9,10
10,14
11,12
11,13
11,14
FN:4
FP:3
2,5
3,1
3,4
5,3
5,13
5,14
6,3
6,5
7,6
7,9
7,12
8,10
9,8
9,10
10,11
11,12
15,7
16,15
FN:9
FP:8
2,5
3,1
3,4
3,5
5,13
5,14
6,3
6,5
7,6
7,8
7,9
7,12
8,9
8,10
9,10
10,11
11,12
15,7
16,15
FN:7
FP:7
2,5
3,1
3,4
5,3
5,6
5,13
5,14
5,15
6,3
7,6
7,9
7,12
8,10
9,8
9,10
10,11
11,12
15,7
15,16
FN:7
FP:7
2,5
3,1
3,4
5,3
5,13
5,14
6,3
6,5
7,6
7,9
7,12
8,10
9,8
9,10
10,11
11,12
15,7
16,15
FN:9
FP:8
1,3
2,5
3,4
3,6
5,6
5,13
5,14
6,7
6,15
7,9
7,12
8,10
9,8
9,10
10,11
11,12
15,7
15,16
FN:4
FP:3
2,5
3,1
3,4
5,3
5,13
5,14
6,3
6,5
7,6
7,8
7,9
7,12
8,9
8,10
9,10
10,11
11,12
15,7
16,15
FN:7
FP:7
2,5
3,1
3,4
5,3
5,13
5,14
6,3
6,5
7,6
7,9
7,12
8,10
9,8
9,10
10,11
11,12
15,7
16,15
FN:9
FP:8
2,5
3,1
3,4
3,5
5,13
5,14
6,3
6,5
7,6
7,8
7,9
7,12
8,9
8,10
9,10
10,11
11,12
15,7
16,15
FN:7
FP:7
2,5
3,1
3,4
5,3
5,13
5,14
6,3
6,5
7,6
7,9
7,12
8,10
9,8
9,10
10,11
11,12
15,7
16,15
FN:9
FP:8
2,5
3,1
3,4
5,3
5,13
5,14
6,3
6,5
7,6
7,8
7,9
7,12
8,9
8,10
9,10
10,11
11,12
15,7
16,15
FN:7
FP:7
2,5
3,1
3,4
5,3
5,13
5,14
6,3
6,5
7,6
7,9
7,12
8,10
9,8
9,10
10,11
11,12
15,7
16,15
FN:9
FP:8
2,5
3,1
3,4
5,3
5,13
5,14
6,3
6,5
7,6
7,9
7,12
8,10
9,8
9,10
10,11
11,12
15,7
16,15
FN:9
FP:8
2,5
3,1
3,4
5,3
5,13
5,14
6,3
6,5
7,6
7,8
7,9
7,12
8,9
8,10
9,10
10,11
11,12
15,7
16,15
FN:7
FP:7
2,5
3,1
3,4
3,5
5,13
5,14
6,3
6,5
7,6
7,8
7,9
7,12
8,9
8,10
9,10
10,11
11,12
15,7
16,15
FN:7
FP:7
2,5
3,1
3,4
5,3
5,13
5,14
6,3
6,5
7,6
7,8
7,9
7,12
8,9
10,9
10,15
11,7
11,10
11,12
15,7
15,16
FN:9
FP:10
2,5
3,1
3,4
5,3
5,13
5,14
6,3
6,5
7,6
7,8
7,9
7,12
8,9
8,10
9,10
10,11
11,12
15,7
16,15
FN:7
FP:7
2,5
3,1
3,4
5,3
5,13
5,14
6,3
6,5
7,6
7,9
7,12
8,10
9,8
9,10
10,11
11,12
15,7
16,15
FN:9
FP:8
2,5
3,1
3,4
5,3
5,13
5,14
6,3
6,5
7,6
7,9
7,12
8,10
9,8
9,10
10,11
11,12
15,7
16,15
FN:9
FP:8
2,5
3,1
3,4
5,3
5,13
5,14
6,3
6,5
7,6
7,8
7,9
7,12
8,9
8,10
9,10
10,11
11,12
15,7
16,15
FN:7
FP:7
2,5
3,1
3,4
5,3
5,13
5,14
6,3
6,5
7,6
7,8
7,9
7,12
8,9
8,10
9,10
10,11
11,12
15,7
16,15
FN:7
FP:7
2,5
3,1
3,4
5,3
5,13
5,14
6,3
6,5
7,6
7,8
7,9
7,12
8,9
8,10
9,10
10,11
11,12
15,7
16,15
FN:7
FP:7
2,5
3,1
3,4
5,3
5,13
5,14
6,3
6,5
7,6
7,8
7,9
7,12
8,9
8,10
9,10
10,11
11,12
15,7
16,15
FN:7
FP:7
2,5
3,1
3,4
5,3
5,13
5,14
6,3
6,5
7,6
7,9
7,12
8,10
9,8
9,10
10,11
11,12
15,7
16,15
FN:9
FP:8
2,5
3,1
3,4
5,3
5,13
5,14
6,3
6,5
7,6
7,8
7,9
7,12
8,9
8,10
9,10
10,11
11,12
15,7
16,15
FN:7
FP:7
2,16
3,1
3,4
3,5
5,13
5,14
6,3
6,5
7,6
7,8
7,9
7,12
8,9
8,10
9,10
10,11
11,12
15,7
16,15
FN:8
FP:8
2,5
3,1
3,4
5,3
5,13
5,14
6,3
6,5
7,6
7,9
7,12
8,10
9,8
9,10
10,11
11,12
15,7
16,15
FN:9
FP:8
2,5
2,6
3,1
3,4
5,3
5,13
5,14
6,3
6,5
7,6
7,9
7,12
8,10
9,8
9,10
10,11
11,12
15,7
16,15
FN:9
FP:9
2,5
3,1
3,4
5,3
5,13
5,14
6,3
6,5
7,6
7,8
7,9
7,12
8,9
10,9
10,15
11,7
11,10
11,12
15,7
15,16
FN:9
FP:10
2,5
3,1
3,4
3,6
5,6
5,13
5,14
6,7
6,15
7,8
7,9
7,12
8,9
8,10
9,10
10,11
11,12
15,7
15,16
FN:3
FP:3
2,5
3,1
3,4
5,3
5,13
5,14
6,3
6,5
7,6
7,8
7,9
7,12
8,9
8,10
9,10
10,11
11,12
15,7
16,15
FN:7
FP:7
2,4
3,4
4,7
4,9
4,10
5,7
5,9
6,7
6,14
8,9
9,13
11,12
12,18
13,18
15,18
16,17
17,18
FN:1
FP:0
2,4
3,4
4,7
4,9
4,10
5,7
5,9
6,7
6,14
8,9
9,13
11,12
12,18
13,18
15,18
16,17
17,18
FN:1
FP:0
2,4
3,4
4,7
4,9
4,10
5,7
5,9
6,7
6,14
8,9
9,13
11,12
12,18
13,18
15,18
16,17
17,18
FN:1
FP:0
2,4
3,4
4,7
4,9
4,10
5,7
5,9
6,7
6,14
8,9
9,13
11,12
12,18
13,18
15,18
16,17
17,18
FN:1
FP:0
2,4
3,4
4,7
4,9
4,10
5,7
5,9
6,7
6,14
8,9
9,13
11,12
12,18
13,18
15,18
16,17
17,18
FN:1
FP:0
2,4
3,4
4,7
4,9
4,10
5,7
5,9
6,7
6,14
8,9
9,13
11,12
12,18
13,18
15,18
16,17
17,18
FN:1
FP:0
2,4
3,4
4,7
4,9
4,10
5,7
5,9
6,7
6,14
8,9
9,13
11,12
12,18
13,18
15,18
16,17
17,18
FN:1
FP:0
2,4
3,4
4,7
4,9
4,10
5,7
5,9
6,7
6,14
8,9
9,13
11,12
12,18
13,18
15,18
16,17
17,18
FN:1
FP:0
2,4
3,4
4,7
4,9
4,10
5,7
5,9
6,7
6,14
8,9
9,13
11,12
12,18
13,18
15,18
16,17
17,18
FN:1
FP:0
2,4
3,4
4,7
4,9
4,10
5,7
5,9
6,7
6,14
8,9
9,13
11,12
12,18
13,18
15,18
16,17
17,18
FN:1
FP:0
2,4
3,4
4,7
4,9
4,10
5,7
5,9
6,7
6,14
8,9
9,13
11,12
12,18
13,18
15,18
16,17
17,18
FN:1
FP:0
2,4
3,4
4,7
4,9
4,10
5,7
5,9
6,7
6,14
8,9
9,13
11,12
12,18
13,18
15,18
16,17
17,18
FN:1
FP:0
2,4
3,4
4,7
4,9
4,10
5,7
5,9
6,7
6,14
8,9
9,13
11,12
12,18
13,18
15,18
16,17
17,18
FN:1
FP:0
2,4
3,4
4,7
4,9
4,10
5,7
5,9
6,7
6,14
8,9
9,13
11,12
12,18
13,18
15,18
16,17
17,18
FN:1
FP:0
2,4
3,4
4,7
4,9
4,10
5,7
5,9
6,7
6,14
8,9
9,13
11,12
12,18
13,18
15,18
16,17
17,18
FN:1
FP:0
2,4
3,4
4,7
4,9
4,10
5,7
5,9
6,7
6,14
8,9
9,13
11,12
12,18
13,18
15,18
16,17
17,18
FN:1
FP:0
2,4
3,4
4,7
4,9
4,10
5,7
5,9
6,7
6,14
8,9
9,13
11,12
12,18
13,18
15,18
16,17
17,18
FN:1
FP:0
2,4
3,4
4,7
4,9
4,10
5,7
5,9
6,7
6,14
8,9
9,13
11,12
12,18
13,18
15,18
16,17
17,18
FN:1
FP:0
2,4
3,4
4,7
4,9
4,10
5,7
5,9
6,7
6,14
8,9
9,13
11,12
12,18
13,18
15,18
16,17
17,18
FN:1
FP:0
2,4
3,4
4,7
4,9
4,10
5,7
5,9
6,7
6,14
8,9
9,13
11,12
12,18
13,18
15,18
16,17
17,18
FN:1
FP:0
2,4
3,4
4,7
4,9
4,10
5,7
5,9
6,7
6,14
8,9
9,13
11,12
12,18
13,18
15,18
16,17
17,18
FN:1
FP:0
2,4
3,4
4,7
4,9
4,10
5,7
5,9
6,7
6,14
8,9
9,13
11,12
12,18
13,18
15,18
16,17
17,18
FN:1
FP:0
2,4
3,4
4,7
4,9
4,10
5,7
5,9
6,7
6,14
8,9
9,13
11,12
12,18
13,18
15,18
16,17
17,18
FN:1
FP:0
2,4
3,4
4,7
4,9
4,10
5,7
5,9
6,7
6,14
8,9
9,13
11,12
12,18
13,18
15,18
16,17
17,18
FN:1
FP:0
2,4
3,4
4,7
4,9
4,10
5,7
5,9
6,7
6,14
8,9
9,13
11,12
12,18
13,18
15,18
16,17
17,18
FN:1
FP:0
2,4
3,4
4,7
4,9
4,10
5,7
5,9
6,7
6,14
8,9
9,13
11,12
12,18
13,18
15,18
16,17
17,18
FN:1
FP:0
2,4
3,4
4,7
4,9
4,10
5,7
5,9
6,7
6,14
8,9
9,13
11,12
12,18
13,18
15,18
16,17
17,18
FN:1
FP:0
2,4
3,4
4,7
4,9
4,10
5,7
5,9
6,7
6,14
8,9
9,13
11,12
12,18
13,18
15,18
16,17
17,18
FN:1
FP:0
2,4
3,4
4,7
4,9
4,10
5,7
5,9
6,7
6,14
8,9
9,13
11,12
12,18
13,18
15,18
16,17
17,18
FN:1
FP:0
2,4
3,4
4,7
4,9
4,10
5,7
5,9
6,7
6,14
8,9
9,13
11,12
12,18
13,18
15,18
16,17
17,18
FN:1
FP:0
2,4
3,4
4,5
5,6
5,12
5,15
6,7
6,10
7,10
7,11
8,9
8,10
10,20
11,17
11,18
12,6
12,13
12,14
14,16
15,12
15,16
18,17
18,19
FN:4
FP:5
2,4
3,4
4,5
5,6
5,15
6,7
6,10
6,12
7,10
7,11
8,9
8,10
10,20
11,17
11,18
12,13
12,14
12,15
14,16
15,16
18,17
18,19
FN:2
FP:2
2,4
3,4
4,5
5,6
5,15
6,7
6,10
6,12
7,10
7,11
8,9
8,10
10,20
11,17
11,18
12,13
12,14
12,15
14,16
15,16
18,17
18,19
FN:2
FP:2
3,2
3,4
4,2
5,4
5,15
6,5
6,10
6,12
7,6
7,10
7,11
8,9
8,10
10,20
11,17
11,18
12,13
12,14
12,15
14,16
15,16
18,17
18,19
FN:6
FP:7
2,4
3,4
4,5
5,6
5,15
6,7
6,10
6,12
7,10
7,11
8,9
8,10
10,20
11,17
11,18
12,13
12,14
12,15
14,16
15,16
18,17
18,19
FN:2
FP:2
2,4
3,4
4,5
5,12
5,15
6,7
6,10
7,10
7,11
8,9
8,10
10,20
11,17
11,18
12,6
12,13
12,14
14,16
15,12
15,16
18,17
18,19
FN:5
FP:5
2,4
3,4
4,5
5,6
5,15
6,7
6,10
6,12
7,10
7,11
8,9
8,10
10,20
11,17
11,18
12,13
12,14
12,15
14,16
15,16
18,17
18,19
FN:2
FP:2
2,4
3,4
4,5
5,6
5,12
5,15
6,7
6,10
7,10
7,11
8,9
8,10
10,20
11,17
11,18
12,6
12,13
12,14
14,16
15,12
15,16
18,17
18,19
FN:4
FP:5
2,4
3,4
4,5
5,6
5,15
6,7
6,10
6,12
7,10
7,11
8,9
8,10
10,20
11,17
11,18
12,13
12,14
12,15
14,16
15,16
18,17
18,19
FN:2
FP:2
3,2
4,2
4,3
5,4
5,15
6,5
6,10
6,12
7,6
7,10
7,11
8,9
8,10
10,20
11,17
11,18
12,13
12,14
12,15
14,16
15,16
18,17
18,19
FN:7
FP:8
2,4
3,4
4,5
5,6
5,15
6,7
6,10
6,12
7,10
7,11
8,9
8,10
10,20
11,17
11,18
12,13
12,14
12,15
14,16
15,16
18,17
18,19
FN:2
FP:2
2,4
3,4
4,5
5,6
5,15
6,7
6,10
6,12
7,10
7,11
8,9
8,10
10,20
11,17
11,18
12,13
12,14
12,15
14,16
15,16
18,17
18,19
FN:2
FP:2
2,4
3,4
4,5
5,6
5,12
5,15
6,7
6,10
7,10
7,11
8,9
8,10
10,20
11,17
11,18
12,6
12,13
12,14
14,16
15,12
15,16
18,17
18,19
FN:4
FP:5
2,4
3,4
4,5
5,6
5,15
6,7
6,10
6,12
7,10
7,11
8,9
8,10
10,20
11,17
11,18
12,13
12,14
12,15
14,16
15,16
18,17
18,19
FN:2
FP:2
2,4
3,4
4,5
5,6
5,12
5,15
6,7
6,10
7,10
7,11
8,9
8,10
10,20
11,17
11,18
12,6
12,13
12,14
14,16
15,12
15,16
18,17
18,19
FN:4
FP:5
2,4
3,4
4,5
5,6
5,12
5,15
6,7
6,10
7,10
7,11
8,9
8,10
10,20
11,17
11,18
12,6
12,13
12,14
14,16
15,12
15,16
18,17
18,19
FN:4
FP:5
2,4
3,4
4,5
5,6
5,15
6,7
6,10
6,12
7,10
7,11
8,9
8,10
10,20
11,17
11,18
12,13
12,14
12,15
14,16
15,16
18,17
18,19
FN:2
FP:2
2,4
3,4
4,5
5,6
5,15
6,7
6,10
6,12
7,10
7,11
8,9
8,10
10,20
11,17
11,18
12,13
12,14
12,15
14,16
15,16
18,17
18,19
FN:2
FP:2
3,2
4,2
4,3
5,4
5,15
6,5
6,10
6,12
7,6
7,10
7,11
8,9
8,10
10,20
11,17
11,18
12,13
12,14
12,15
14,16
15,16
18,17
18,19
FN:7
FP:8
2,4
3,4
4,5
5,6
5,15
6,7
6,10
6,12
7,10
7,11
8,9
8,10
10,20
11,17
11,18
12,13
12,14
12,15
14,16
15,16
18,17
18,19
FN:2
FP:2
2,4
3,4
4,5
5,6
5,15
6,7
6,10
6,12
7,10
7,11
8,9
8,10
10,20
11,17
11,18
12,13
12,14
12,15
14,16
15,16
18,17
18,19
FN:2
FP:2
2,4
3,4
4,5
5,6
5,15
6,7
6,10
6,12
7,10
7,11
8,9
8,10
10,20
11,17
11,18
12,13
12,14
12,15
14,16
15,16
18,17
18,19
FN:2
FP:2
2,4
3,4
4,5
5,6
5,15
6,7
6,12
7,11
8,9
10,6
10,8
11,17
11,18
12,13
12,14
12,15
14,16
15,16
18,17
18,19
20,10
FN:6
FP:5
3,2
4,2
4,3
5,4
5,15
6,5
6,10
6,12
7,6
7,10
7,11
8,9
8,10
10,20
11,17
11,18
12,13
12,14
12,15
14,16
15,16
18,17
18,19
FN:7
FP:8
3,2
4,2
4,3
5,4
5,15
6,5
6,10
6,12
7,6
7,10
7,11
8,9
8,10
10,20
11,17
11,18
12,13
12,14
12,15
14,16
15,16
18,17
18,19
FN:7
FP:8
2,4
3,4
4,5
5,6
5,15
6,7
6,10
6,12
7,10
7,11
8,9
8,10
10,20
11,17
11,18
12,13
12,14
12,15
14,16
15,16
18,17
18,19
FN:2
FP:2
2,4
3,4
4,5
5,6
5,15
6,7
6,10
6,12
7,10
7,11
8,9
8,10
10,20
11,17
11,18
12,13
12,14
12,15
14,16
15,16
18,17
18,19
FN:2
FP:2
2,4
3,4
4,5
5,6
5,15
6,7
6,10
6,12
7,10
7,11
8,9
8,10
10,20
11,17
11,18
12,13
12,14
12,15
14,16
15,16
18,17
18,19
FN:2
FP:2
2,4
3,4
4,5
5,6
5,15
6,7
6,10
6,12
7,10
7,11
8,9
8,10
10,20
11,17
11,18
12,13
12,14
12,15
14,16
15,16
18,17
18,19
FN:2
FP:2
2,4
3,4
4,5
5,6
5,15
6,7
6,10
6,12
7,10
7,11
8,9
8,10
10,20
11,17
11,18
12,13
12,14
12,15
14,16
15,16
18,17
18,19
FN:2
FP:2
2,3
2,10
2,13
2,14
2,23
3,1
3,5
3,9
3,18
3,19
3,22
4,3
4,5
4,9
4,14
4,18
4,19
4,27
5,7
5,12
5,17
5,25
6,7
6,8
6,15
7,9
7,21
7,24
8,4
8,11
8,12
8,13
8,21
8,23
8,26
9,12
9,17
9,25
10,4
11,17
13,10
13,14
13,27
15,16
15,17
15,20
16,17
16,18
16,19
20,21
23,24
24,25
FN:7
FP:7
1,3
2,3
2,13
2,14
2,19
2,23
3,5
3,9
3,18
3,22
4,5
4,9
4,10
4,14
4,27
5,7
5,12
5,17
5,25
6,7
6,8
6,15
7,9
7,21
7,24
8,10
8,11
8,12
8,21
8,23
8,26
9,12
9,17
9,25
10,13
11,17
13,14
13,27
15,16
15,17
15,20
16,17
16,18
16,19
18,4
19,4
19,18
20,21
23,24
24,25
FN:6
FP:4
1,3
2,3
2,4
2,13
2,14
2,23
3,4
3,5
3,9
3,18
3,19
3,22
4,5
4,9
4,10
4,14
4,18
4,19
4,27
5,7
5,12
5,17
5,25
6,7
6,8
6,15
7,9
7,21
7,24
8,10
8,11
8,12
8,21
8,23
8,26
9,12
9,17
9,25
10,13
11,17
13,14
13,27
15,16
15,17
15,20
16,17
16,18
16,19
20,21
23,24
24,25
FN:1
FP:0
1,3
2,3
2,13
2,14
2,23
3,4
3,5
3,9
3,18
3,19
3,22
4,5
4,9
4,10
4,14
4,18
4,27
5,7
5,12
5,17
5,25
6,7
6,8
6,15
7,9
7,21
7,24
8,10
8,11
8,12
8,21
8,23
8,26
9,12
9,17
9,25
10,13
11,17
13,14
13,27
15,16
15,17
15,20
16,4
16,17
16,18
16,19
19,4
20,21
23,24
24,25
FN:3
FP:2
1,3
2,3
2,13
2,14
2,23
3,4
3,5
3,9
3,18
3,19
3,22
4,5
4,9
4,10
4,14
4,18
4,27
5,7
5,12
5,17
5,25
6,7
6,8
6,15
7,9
7,21
7,24
8,10
8,11
8,12
8,21
8,23
8,26
9,12
9,17
9,25
10,13
11,17
13,14
13,27
15,16
15,17
15,20
16,4
16,17
16,18
16,19
19,4
20,21
23,24
24,25
FN:3
FP:2
2,3
2,10
2,13
2,14
2,23
3,1
3,5
3,9
3,18
3,19
3,22
4,3
4,5
4,9
4,14
4,18
4,19
4,27
5,7
5,12
5,17
5,25
6,7
6,8
6,15
7,9
7,21
7,24
8,4
8,11
8,12
8,21
8,23
8,26
9,12
9,17
9,25
10,4
10,8
11,17
13,10
13,14
13,27
15,16
15,17
15,20
16,17
16,18
16,19
20,21
23,24
24,25
FN:7
FP:7
1,3
2,3
2,4
2,13
2,14
2,23
3,4
3,5
3,9
3,18
3,19
3,22
4,5
4,9
4,10
4,14
4,18
4,19
4,27
5,7
5,12
5,17
5,25
6,7
6,8
6,15
7,9
7,21
7,24
8,10
8,11
8,12
8,21
8,23
8,26
9,12
9,17
9,25
10,13
11,17
13,14
13,27
15,16
15,17
15,20
16,17
16,18
16,19
20,21
23,24
24,25
FN:1
FP:0
1,3
2,3
2,13
2,14
2,23
3,5
3,9
3,18
3,22
4,5
4,9
4,10
4,14
4,27
5,7
5,12
5,17
5,25
6,7
6,8
6,15
7,9
7,21
7,24
8,10
8,11
8,12
8,21
8,23
8,26
9,12
9,17
9,25
10,13
11,17
13,14
13,27
15,16
15,17
15,20
16,17
16,18
16,19
18,4
19,4
19,18
20,21
23,24
24,25
FN:6
FP:3
1,3
2,3
2,4
2,13
2,14
2,23
3,5
3,7
3,9
3,18
3,19
3,22
4,9
4,10
4,14
4,18
4,19
4,27
5,4
5,12
5,17
5,25
6,5
6,7
6,8
6,15
7,5
7,9
7,21
7,24
8,10
8,11
8,12
8,21
8,23
8,26
9,12
9,17
9,25
10,13
11,17
13,14
13,27
15,16
15,17
15,20
16,17
16,18
16,19
20,21
23,24
24,25
FN:4
FP:4
1,3
2,3
2,4
2,13
2,14
2,23
3,5
3,7
3,9
3,18
3,19
3,22
4,9
4,10
4,14
4,18
4,19
4,27
5,4
5,12
5,17
5,25
6,5
6,7
6,8
6,15
7,5
7,9
7,21
7,24
8,10
8,11
8,12
8,21
8,23
8,26
9,12
9,17
9,25
10,13
11,17
13,14
13,27
15,16
15,17
15,20
16,17
16,18
16,19
20,21
23,24
24,25
FN:4
FP:4
2,3
2,10
2,13
2,14
2,23
3,1
3,5
3,9
3,18
3,19
3,22
4,3
4,5
4,9
4,14
4,18
4,19
4,27
5,7
5,12
5,17
5,25
6,7
6,8
6,15
7,9
7,21
7,24
8,4
8,11
8,12
8,21
8,23
8,26
9,12
9,17
9,25
10,4
10,8
11,17
13,10
13,14
13,27
15,16
15,17
15,20
16,17
16,18
16,19
20,21
23,24
24,25
FN:7
FP:7
1,3
2,3
2,4
2,13
2,14
2,23
3,4
3,5
3,9
3,18
3,19
3,22
4,5
4,9
4,10
4,14
4,18
4,19
4,27
5,7
5,12
5,17
5,25
6,7
6,8
6,15
7,9
7,21
7,24
8,10
8,11
8,12
8,21
8,23
8,26
9,12
9,17
9,25
10,13
11,17
13,14
13,27
15,16
15,17
15,20
16,17
16,18
16,19
20,21
23,24
24,25
FN:1
FP:0
1,3
2,3
2,4
2,13
2,14
2,23
3,4
3,5
3,9
3,18
3,19
3,22
4,5
4,9
4,10
4,14
4,18
4,19
4,27
5,7
5,12
5,17
5,25
6,7
6,8
6,15
7,9
7,21
7,24
8,10
8,11
8,12
8,21
8,23
8,26
9,12
9,17
9,25
10,13
11,17
13,14
13,27
15,16
15,17
15,20
16,17
16,18
16,19
20,21
23,24
24,25
FN:1
FP:0
2,3
2,10
2,13
2,14
2,23
3,1
3,5
3,9
3,18
3,19
3,22
4,3
4,5
4,9
4,14
4,18
4,19
4,27
5,7
5,12
5,17
5,25
6,7
6,8
6,15
7,9
7,21
7,24
8,4
8,11
8,12
8,21
8,23
8,26
9,12
9,17
9,25
10,4
10,8
11,17
13,10
13,14
13,27
15,16
15,17
15,20
16,17
16,18
16,19
20,21
23,24
24,25
FN:7
FP:7
1,3
2,3
2,13
2,14
2,23
3,4
3,5
3,9
3,18
3,19
3,22
4,5
4,9
4,10
4,14
4,18
4,27
5,7
5,12
5,17
5,25
6,7
6,8
6,15
7,9
7,21
7,24
8,10
8,11
8,12
8,21
8,23
8,26
9,12
9,17
9,25
10,13
11,17
13,14
13,27
15,16
15,17
15,20
16,4
16,17
16,18
16,19
19,4
20,21
23,24
24,25
FN:3
FP:2
1,3
2,3
2,13
2,14
2,19
2,23
3,4
3,5
3,9
3,18
3,22
4,5
4,9
4,10
4,14
4,18
4,27
5,7
5,12
5,17
5,25
6,7
6,8
6,15
7,9
7,21
7,24
8,10
8,11
8,12
8,21
8,23
8,26
9,12
9,17
9,25
10,13
11,17
13,14
13,27
15,16
15,17
15,20
16,4
16,17
16,18
16,19
19,4
20,21
23,24
24,25
FN:4
FP:3
1,3
2,3
2,4
2,13
2,14
2,23
3,4
3,5
3,9
3,18
3,19
3,22
4,5
4,9
4,10
4,14
4,18
4,19
4,27
5,7
5,12
5,17
5,25
6,7
6,8
6,15
7,9
7,21
7,24
8,10
8,11
8,12
8,21
8,23
8,26
9,12
9,17
9,25
10,13
11,17
13,14
13,27
15,16
15,17
15,20
16,17
16,18
16,19
20,21
23,24
24,25
FN:1
FP:0
1,3
2,3
2,4
2,13
2,14
2,23
3,5
3,7
3,9
3,18
3,19
3,22
4,9
4,10
4,14
4,18
4,19
4,27
5,4
5,12
5,17
5,25
6,5
6,7
6,8
6,15
7,5
7,9
7,21
7,24
8,10
8,11
8,12
8,21
8,23
8,26
9,12
9,17
9,25
10,13
11,17
13,14
13,27
15,16
15,17
15,20
16,17
16,18
16,19
20,21
23,24
24,25
FN:4
FP:4
2,3
2,10
2,13
2,14
2,23
3,1
3,5
3,9
3,18
3,19
3,22
4,3
4,5
4,9
4,14
4,18
4,19
4,27
5,7
5,12
5,17
5,25
6,7
6,8
6,15
7,9
7,21
7,24
8,4
8,11
8,12
8,21
8,23
8,26
9,12
9,17
9,25
10,4
10,8
11,17
13,10
13,14
13,27
15,16
15,17
15,20
16,17
16,18
16,19
20,21
23,24
24,25
FN:7
FP:7
2,3
2,10
2,13
2,14
2,23
3,1
3,5
3,9
3,18
3,19
3,22
4,3
4,5
4,9
4,14
4,18
4,19
4,27
5,7
5,12
5,17
5,25
6,7
6,8
6,15
7,9
7,21
7,24
8,4
8,11
8,12
8,13
8,21
8,23
8,26
9,12
9,17
9,25
10,4
11,17
13,10
13,14
13,27
15,16
15,17
15,20
16,17
16,18
16,19
20,21
23,24
24,25
FN:7
FP:7
1,3
2,3
2,4
2,13
2,14
2,23
3,5
3,7
3,9
3,18
3,19
3,22
4,9
4,10
4,14
4,18
4,19
4,27
5,4
5,12
5,17
5,25
6,5
6,7
6,8
6,15
7,5
7,9
7,21
7,24
8,10
8,11
8,12
8,21
8,23
8,26
9,12
9,17
9,25
10,13
11,17
13,14
13,27
15,16
15,17
15,20
16,17
16,18
16,19
20,21
23,24
24,25
FN:4
FP:4
1,3
2,3
2,4
2,13
2,14
2,23
3,5
3,7
3,9
3,18
3,19
3,22
4,9
4,10
4,14
4,18
4,19
4,27
5,4
5,12
5,17
5,25
6,5
6,7
6,8
6,15
7,5
7,9
7,21
7,24
8,10
8,11
8,12
8,21
8,23
8,26
9,12
9,17
9,25
10,13
11,17
13,14
13,27
15,16
15,17
15,20
16,17
16,18
16,19
20,21
23,24
24,25
FN:4
FP:4
1,3
2,3
2,4
2,13
2,14
2,23
3,4
3,5
3,9
3,18
3,19
3,22
4,5
4,9
4,10
4,14
4,18
4,19
4,27
5,7
5,12
5,17
5,25
6,7
6,8
6,15
7,9
7,21
7,24
8,10
8,11
8,12
8,21
8,23
8,26
9,12
9,17
9,25
10,13
11,17
13,14
13,27
15,16
15,17
15,20
16,17
16,18
16,19
20,21
23,24
24,25
FN:1
FP:0
1,3
2,3
2,4
2,13
2,14
2,23
3,5
3,7
3,9
3,18
3,19
3,22
4,9
4,10
4,14
4,18
4,19
4,27
5,4
5,12
5,17
5,25
6,5
6,7
6,8
6,15
7,5
7,9
7,21
7,24
8,10
8,11
8,12
8,21
8,23
8,26
9,12
9,17
9,25
10,13
11,17
13,14
13,27
15,16
15,17
15,20
16,17
16,18
16,19
20,21
23,24
24,25
FN:4
FP:4
1,3
2,3
2,4
2,13
2,14
2,23
3,4
3,5
3,9
3,18
3,19
3,22
4,5
4,9
4,10
4,14
4,18
4,19
4,27
5,7
5,12
5,17
5,25
6,7
6,11
6,15
7,9
7,21
7,24
8,10
8,12
8,21
8,23
8,26
9,12
9,17
9,25
10,13
11,8
11,17
13,14
13,27
15,16
15,17
15,20
16,17
16,18
16,19
20,21
23,24
24,25
FN:3
FP:2
1,3
2,3
2,4
2,13
2,14
2,23
3,4
3,5
3,9
3,18
3,19
3,22
4,5
4,9
4,10
4,14
4,18
4,19
4,27
5,7
5,12
5,17
5,25
6,7
6,8
6,15
7,9
7,21
7,24
8,10
8,11
8,12
8,21
8,23
8,26
9,12
9,17
9,25
10,13
11,17
13,14
13,27
15,16
15,17
15,20
16,17
16,18
16,19
20,21
23,24
24,25
FN:1
FP:0
2,3
2,10
2,13
2,14
2,23
3,1
3,5
3,9
3,18
3,19
3,22
4,3
4,5
4,9
4,14
4,18
4,19
4,27
5,7
5,12
5,17
5,25
6,7
6,8
6,15
7,9
7,21
7,24
8,4
8,11
8,12
8,13
8,21
8,23
8,26
9,12
9,17
9,25
10,4
11,17
13,10
13,14
13,27
15,16
15,17
15,20
16,17
16,18
16,19
20,21
23,24
24,25
FN:7
FP:7
2,3
2,10
2,13
2,14
2,23
3,1
3,5
3,9
3,18
3,19
3,22
4,3
4,5
4,9
4,14
4,18
4,19
4,27
5,7
5,12
5,17
5,25
6,7
6,8
6,15
7,9
7,21
7,24
8,4
8,11
8,12
8,21
8,23
8,26
9,12
9,17
9,25
10,4
10,8
11,17
13,10
13,14
13,27
15,16
15,17
15,20
16,17
16,18
16,19
20,21
23,24
24,25
FN:7
FP:7
1,3
2,3
2,4
2,13
2,14
2,23
3,4
3,5
3,9
3,18
3,19
3,22
4,5
4,9
4,10
4,14
4,18
4,19
4,27
5,7
5,12
5,17
5,25
6,7
6,8
6,15
7,9
7,21
7,24
8,10
8,11
8,12
8,21
8,23
8,26
9,12
9,17
9,25
10,13
11,17
13,14
13,27
15,16
15,17
15,20
16,17
16,18
16,19
20,21
23,24
24,25
FN:1
FP:0
1,3
2,3
2,4
2,13
2,14
2,23
3,4
3,5
3,9
3,18
3,19
3,22
4,5
4,9
4,10
4,14
4,18
4,19
4,27
5,7
5,12
5,17
5,25
6,7
6,8
6,15
7,9
7,21
7,24
8,10
8,11
8,12
8,21
8,23
8,26
9,12
9,17
9,25
10,13
11,17
13,14
13,27
15,16
15,17
15,20
16,17
16,18
16,19
20,21
23,24
24,25
FN:1
FP:0
1,3
1,4
1,5
1,7
1,11
1,12
1,13
1,14
1,15
1,16
1,17
1,19
1,20
1,21
1,23
1,25
1,26
1,27
2,4
2,7
2,8
2,11
2,14
2,16
2,18
2,20
2,22
2,24
2,26
3,12
3,15
3,18
3,21
3,27
4,8
4,10
4,12
4,20
4,24
5,15
5,20
5,25
6,18
7,21
8,6
8,24
9,18
12,24
13,26
14,7
16,8
20,10
22,11
24,6
27,9
FN:23
FP:10
1,2
1,3
1,4
1,5
1,6
1,7
1,11
1,13
1,14
1,15
1,16
1,17
1,18
1,19
1,20
1,21
1,23
1,24
1,25
1,26
1,27
2,4
2,6
2,8
2,11
2,12
2,16
2,18
2,20
2,22
2,26
3,6
3,15
3,18
3,21
3,24
3,27
4,8
4,10
4,12
4,20
5,15
5,20
5,25
6,18
6,24
7,2
7,14
7,21
8,12
8,24
9,18
13,26
14,2
16,8
20,10
22,11
24,12
27,9
FN:19
FP:10
1,3
1,5
1,6
1,7
1,8
1,11
1,13
1,15
1,17
1,20
1,21
1,23
1,24
1,25
1,26
1,27
2,6
2,7
2,8
2,11
2,12
2,14
2,16
2,18
2,20
2,22
2,26
3,6
3,15
3,18
3,21
3,24
3,27
4,10
4,12
4,16
4,20
4,24
5,15
5,20
5,25
6,18
6,24
7,21
8,4
8,16
8,24
9,18
13,26
14,7
20,10
22,11
24,12
27,9
FN:23
FP:9
1,2
1,3
1,4
1,5
1,7
1,8
1,11
1,13
1,14
1,15
1,17
1,18
1,19
1,20
1,21
1,22
1,23
1,24
1,25
1,26
1,27
2,4
2,6
2,8
2,12
2,16
2,18
2,20
2,22
2,26
3,6
3,15
3,21
3,24
3,27
4,8
4,10
4,12
4,16
4,20
5,15
5,20
5,25
6,24
7,2
7,14
7,21
8,16
8,24
9,6
9,18
11,22
13,26
14,2
18,6
20,10
24,12
27,9
FN:18
FP:8
1,3
1,5
1,6
1,7
1,8
1,11
1,13
1,15
1,16
1,18
1,20
1,21
1,23
1,24
1,25
1,26
1,27
2,6
2,7
2,8
2,11
2,12
2,14
2,16
2,18
2,20
2,22
2,26
3,6
3,15
3,18
3,21
3,24
3,27
4,10
4,12
4,16
4,20
4,24
5,15
5,20
5,25
6,18
6,24
7,21
8,4
8,12
8,16
8,24
9,18
13,26
14,7
20,10
22,11
24,12
27,9
FN:22
FP:10
1,3
1,7
1,8
1,11
1,12
1,13
1,15
1,17
1,19
1,20
1,21
1,22
1,23
1,25
1,26
1,27
2,7
2,8
2,14
2,16
2,18
2,20
2,22
2,24
2,26
3,12
3,15
3,18
3,21
3,27
4,10
4,12
4,16
4,20
4,24
5,20
5,25
6,18
7,21
8,4
8,6
8,16
8,24
9,18
11,22
12,24
13,26
14,7
15,5
20,10
24,6
27,9
FN:25
FP:9
1,2
1,3
1,4
1,5
1,7
1,8
1,11
1,13
1,14
1,15
1,16
1,17
1,18
1,20
1,21
1,23
1,24
1,25
1,26
1,27
2,4
2,6
2,8
2,11
2,12
2,16
2,18
2,20
2,22
2,26
3,6
3,15
3,21
3,24
3,27
4,8
4,10
4,12
4,16
4,20
5,15
5,20
5,25
6,24
7,2
7,14
7,21
8,12
8,16
8,24
9,6
9,18
13,26
14,2
18,6
20,10
22,11
24,12
27,9
FN:20
FP:11
1,2
1,3
1,4
1,5
1,7
1,11
1,12
1,13
1,14
1,15
1,16
1,17
1,18
1,19
1,20
1,21
1,23
1,25
1,26
1,27
2,4
2,8
2,11
2,18
2,20
2,22
2,24
2,26
3,12
3,15
3,18
3,21
3,27
4,8
4,10
4,12
4,16
4,20
4,24
5,15
5,20
5,25
6,18
7,2
7,14
7,21
8,6
8,24
9,18
12,24
13,26
14,2
16,8
20,10
22,11
24,6
27,9
FN:21
FP:10
1,2
1,3
1,4
1,5
1,6
1,7
1,11
1,13
1,14
1,15
1,16
1,17
1,18
1,20
1,23
1,24
1,25
1,26
1,27
2,6
2,11
2,12
2,14
2,16
2,18
2,20
2,22
2,26
3,6
3,15
3,18
3,24
3,27
4,8
4,10
4,12
4,16
4,20
5,15
5,20
5,25
6,18
6,24
7,14
7,21
8,2
8,12
8,16
8,24
9,18
13,26
20,10
22,11
24,12
27,9
FN:21
FP:8
1,2
1,3
1,4
1,5
1,7
1,8
1,11
1,12
1,13
1,14
1,15
1,16
1,17
1,18
1,19
1,20
1,21
1,23
1,25
1,26
1,27
2,4
2,6
2,8
2,11
2,16
2,18
2,20
2,22
2,26
3,12
3,15
3,18
3,21
3,24
3,27
4,6
4,10
4,12
4,16
4,20
4,24
5,15
5,20
5,25
6,8
6,18
6,24
7,2
7,14
7,21
8,16
9,18
12,6
12,8
12,24
13,26
14,2
20,10
22,11
24,8
27,9
FN:18
FP:12
1,3
1,4
1,5
1,7
1,11
1,13
1,14
1,15
1,16
1,17
1,18
1,19
1,20
1,21
1,23
1,24
1,25
1,26
1,27
2,6
2,11
2,12
2,14
2,18
2,20
2,22
2,26
3,6
3,15
3,21
3,24
3,27
4,8
4,10
4,12
4,16
4,20
4,24
5,15
5,20
5,25
6,24
7,14
7,21
8,2
8,12
8,24
9,6
9,18
13,26
16,2
16,8
18,6
20,10
22,11
24,12
27,9
FN:23
FP:12
1,3
1,4
1,5
1,7
1,8
1,11
1,13
1,14
1,15
1,16
1,17
1,18
1,19
1,20
1,21
1,23
1,25
1,26
1,27
2,4
2,8
2,11
2,14
2,16
2,18
2,20
2,22
2,24
2,26
3,12
3,15
3,18
3,21
3,27
4,8
4,10
4,12
4,16
4,20
4,24
5,15
5,20
5,25
6,18
7,14
7,21
8,6
8,16
8,24
9,18
12,24
13,26
20,10
22,11
24,6
27,9
FN:19
FP:7
1,4
1,5
1,7
1,11
1,13
1,14
1,15
1,16
1,17
1,18
1,19
1,20
1,21
1,22
1,23
1,24
1,25
1,26
1,27
2,4
2,6
2,8
2,12
2,14
2,18
2,20
2,22
2,26
3,6
3,21
3,24
3,27
4,8
4,10
4,12
4,16
4,20
5,15
5,20
5,25
6,24
7,14
7,21
8,24
9,6
9,18
11,22
13,26
15,3
16,8
18,6
20,10
24,12
27,9
FN:22
FP:8
1,3
1,4
1,5
1,7
1,11
1,12
1,13
1,14
1,15
1,16
1,17
1,18
1,19
1,20
1,21
1,22
1,23
1,25
1,26
1,27
2,4
2,8
2,14
2,18
2,20
2,22
2,24
2,26
3,12
3,15
3,18
3,21
3,27
4,8
4,10
4,12
4,16
4,20
4,24
5,15
5,20
5,25
6,18
7,14
7,21
8,6
8,24
9,18
11,22
12,24
13,26
16,8
20,10
24,6
27,9
FN:19
FP:6
1,3
1,4
1,5
1,7
1,11
1,13
1,14
1,15
1,16
1,17
1,18
1,19
1,20
1,21
1,23
1,24
1,25
1,26
1,27
2,4
2,6
2,8
2,11
2,12
2,14
2,18
2,20
2,22
2,26
3,6
3,15
3,21
3,24
3,27
4,8
4,10
4,12
4,16
4,20
5,15
5,20
5,25
6,24
7,14
7,21
8,24
9,6
9,18
13,26
16,8
18,6
20,10
22,11
24,12
27,9
FN:22
FP:9
1,3
1,4
1,5
1,7
1,8
1,11
1,13
1,14
1,15
1,16
1,17
1,18
1,19
1,20
1,21
1,23
1,24
1,25
1,26
1,27
2,4
2,6
2,8
2,11
2,12
2,14
2,16
2,18
2,20
2,22
2,26
3,6
3,15
3,21
3,24
3,27
4,8
4,10
4,12
4,16
4,20
5,15
5,20
5,25
6,24
7,14
7,21
8,12
8,16
8,24
9,6
9,18
13,26
18,6
20,10
22,11
24,12
27,9
FN:19
FP:9
1,3
1,4
1,5
1,7
1,10
1,11
1,13
1,14
1,15
1,16
1,17
1,18
1,19
1,21
1,22
1,23
1,24
1,25
1,26
1,27
2,6
2,8
2,10
2,12
2,18
2,20
2,22
2,26
3,6
3,15
3,21
3,24
3,27
4,8
4,12
4,16
5,10
5,15
5,20
5,25
6,24
7,2
7,14
7,21
8,12
8,24
9,6
9,18
10,4
10,20
11,22
13,26
14,2
16,8
18,6
20,4
24,12
27,9
FN:20
FP:10
1,3
1,4
1,5
1,6
1,7
1,8
1,11
1,13
1,14
1,15
1,16
1,17
1,18
1,19
1,20
1,21
1,23
1,24
1,25
1,26
1,27
2,4
2,6
2,8
2,11
2,12
2,16
2,18
2,20
2,22
2,26
3,6
3,15
3,18
3,21
3,24
3,27
4,8
4,10
4,12
4,16
4,20
5,15
5,20
5,25
6,18
6,24
7,2
7,14
7,21
8,12
8,16
8,24
9,18
13,26
14,2
20,10
22,11
24,12
27,9
FN:17
FP:9
1,2
1,3
1,4
1,5
1,7
1,8
1,11
1,13
1,14
1,15
1,16
1,17
1,18
1,20
1,21
1,23
1,24
1,25
1,26
1,27
2,4
2,6
2,8
2,11
2,12
2,16
2,18
2,20
2,22
2,26
3,6
3,15
3,21
3,24
3,27
4,8
4,10
4,12
4,16
4,20
5,15
5,20
5,25
6,24
7,2
7,14
7,21
8,16
8,24
9,6
9,18
13,26
14,2
18,6
20,10
22,11
24,12
27,9
FN:20
FP:10
1,2
1,3
1,4
1,5
1,6
1,7
1,8
1,11
1,13
1,14
1,15
1,16
1,17
1,18
1,19
1,20
1,21
1,23
1,24
1,25
1,26
1,27
2,4
2,6
2,8
2,11
2,12
2,16
2,18
2,20
2,22
2,26
3,6
3,15
3,18
3,21
3,24
3,27
4,8
4,10
4,12
4,16
4,20
4,24
5,15
5,20
5,25
6,18
6,24
7,2
7,14
7,21
8,12
8,16
8,24
9,18
13,26
14,2
20,10
22,11
24,12
27,9
FN:15
FP:9
1,3
1,4
1,5
1,7
1,8
1,11
1,13
1,15
1,16
1,17
1,18
1,19
1,20
1,21
1,23
1,24
1,25
1,26
1,27
2,4
2,6
2,7
2,8
2,11
2,12
2,14
2,16
2,18
2,20
2,22
2,26
3,6
3,15
3,21
3,24
3,27
4,8
4,10
4,12
4,16
4,20
5,15
5,20
5,25
6,24
7,21
8,12
8,16
8,24
9,6
9,18
13,26
14,7
18,6
20,10
22,11
24,12
27,9
FN:21
FP:11
1,2
1,3
1,4
1,5
1,6
1,7
1,11
1,13
1,14
1,15
1,16
1,17
1,19
1,20
1,21
1,22
1,23
1,24
1,25
1,26
1,27
2,4
2,6
2,8
2,12
2,18
2,20
2,22
2,26
3,6
3,15
3,18
3,21
3,24
3,27
4,8
4,10
4,12
4,16
4,20
5,15
5,20
5,25
6,18
6,24
7,2
7,14
7,21
8,24
9,18
11,22
13,26
14,2
16,8
20,10
24,12
27,9
FN:18
FP:7
1,2
1,3
1,5
1,7
1,8
1,11
1,12
1,13
1,14
1,15
1,16
1,17
1,19
1,20
1,21
1,23
1,25
1,26
1,27
2,8
2,11
2,16
2,18
2,20
2,22
2,24
2,26
3,12
3,15
3,18
3,21
3,27
4,10
4,12
4,16
4,20
4,24
5,15
5,20
5,25
6,18
7,2
7,14
7,21
8,4
8,6
8,16
8,24
9,18
12,24
13,26
14,2
20,10
22,11
24,6
27,9
FN:22
FP:10
1,3
1,4
1,5
1,7
1,11
1,13
1,14
1,15
1,16
1,17
1,18
1,20
1,21
1,23
1,24
1,25
1,26
1,27
2,4
2,6
2,8
2,11
2,12
2,14
2,18
2,20
2,22
2,26
3,6
3,15
3,21
3,24
3,27
4,8
4,10
4,12
4,16
4,20
4,24
5,15
5,20
5,25
6,24
7,14
7,21
8,24
9,6
9,18
13,26
16,8
18,6
20,10
22,11
24,12
27,9
FN:22
FP:9
1,2
1,3
1,4
1,5
1,7
1,11
1,12
1,13
1,14
1,15
1,16
1,17
1,18
1,19
1,20
1,21
1,23
1,25
1,26
1,27
2,11
2,14
2,16
2,18
2,20
2,22
2,24
2,26
3,12
3,15
3,18
3,21
3,27
4,8
4,10
4,12
4,16
4,20
4,24
5,15
5,20
5,25
6,18
7,14
7,21
8,2
8,6
8,16
8,24
9,18
12,24
13,26
20,10
22,11
24,6
27,9
FN:20
FP:8
1,3
1,4
1,5
1,7
1,11
1,13
1,14
1,15
1,16
1,17
1,18
1,19
1,20
1,21
1,22
1,23
1,24
1,25
1,26
1,27
2,4
2,6
2,8
2,12
2,14
2,18
2,20
2,22
2,26
3,6
3,15
3,21
3,24
3,27
4,8
4,10
4,12
4,20
5,15
5,20
5,25
6,24
7,14
7,21
8,12
8,24
9,6
9,18
11,22
13,26
16,8
18,6
20,10
20,16
24,12
27,9
FN:21
FP:9
1,2
1,3
1,4
1,5
1,7
1,8
1,11
1,13
1,14
1,15
1,16
1,17
1,18
1,19
1,20
1,21
1,22
1,23
1,24
1,25
1,26
1,27
2,4
2,6
2,8
2,12
2,16
2,18
2,20
2,22
2,26
3,6
3,15
3,21
3,24
3,27
4,8
4,10
4,12
4,16
4,20
5,15
5,20
5,25
6,24
7,2
7,14
7,21
8,12
8,16
8,24
9,6
9,18
11,22
13,26
14,2
18,6
20,10
24,12
27,9
FN:17
FP:9
1,2
1,3
1,4
1,5
1,11
1,13
1,14
1,15
1,16
1,17
1,18
1,19
1,20
1,21
1,22
1,23
1,24
1,25
1,26
1,27
2,4
2,6
2,8
2,12
2,18
2,20
2,22
2,26
3,6
3,15
3,21
3,24
3,27
4,8
4,10
4,12
4,16
4,20
5,15
5,20
5,25
6,24
7,2
7,14
7,21
8,12
8,24
9,6
9,18
11,22
13,26
14,2
16,8
18,6
20,10
24,12
27,9
FN:21
FP:10
1,3
1,4
1,5
1,7
1,11
1,12
1,13
1,14
1,15
1,16
1,17
1,18
1,19
1,20
1,21
1,22
1,23
1,25
1,26
1,27
2,4
2,8
2,18
2,20
2,22
2,24
2,26
3,12
3,15
3,21
3,27
4,8
4,10
4,12
4,16
4,20
4,24
5,15
5,20
5,25
6,18
7,2
7,14
7,21
8,6
8,24
9,18
11,22
12,24
13,26
14,2
16,8
20,10
24,6
27,9
FN:21
FP:8
1,2
1,3
1,4
1,5
1,7
1,11
1,12
1,13
1,14
1,15
1,16
1,17
1,18
1,19
1,20
1,21
1,23
1,25
1,26
1,27
2,4
2,8
2,11
2,18
2,20
2,22
2,24
2,26
3,12
3,15
3,18
3,21
3,27
4,8
4,10
4,12
4,16
4,20
4,24
5,15
5,20
5,25
6,18
7,2
7,14
7,21
8,6
8,24
9,18
12,24
13,26
14,2
16,8
20,10
22,11
24,6
27,9
FN:21
FP:10
4,2
4,3
5,8
6,8
7,4
7,11
7,39
8,11
9,12
10,12
12,13
13,11
13,39
15,16
15,19
15,20
15,22
16,13
16,19
16,54
18,22
19,22
20,16
20,39
21,17
21,23
21,24
21,25
21,26
21,28
21,29
21,32
21,33
21,34
21,35
21,37
21,38
21,48
21,52
22,39
27,30
27,42
30,21
31,21
35,46
36,46
39,43
39,47
40,46
41,47
42,30
42,49
43,49
44,50
45,50
46,51
47,51
48,53
49,53
50,53
51,53
52,55
53,55
54,56
55,56
FN:13
FP:12
3,2
4,2
4,3
5,8
6,8
7,4
7,11
7,39
8,11
9,12
10,12
12,11
12,13
13,11
13,39
14,13
15,19
15,20
16,13
16,14
16,54
18,19
18,22
19,16
20,16
20,22
20,39
21,17
21,23
21,24
21,25
21,26
21,28
21,29
21,31
21,32
21,33
21,35
21,37
21,38
21,48
21,52
22,19
22,39
27,30
27,42
30,21
34,21
35,46
36,46
39,43
39,47
40,46
41,47
42,30
42,49
43,49
44,50
45,50
46,51
47,51
48,53
49,53
50,53
51,53
52,55
53,55
54,56
55,56
FN:16
FP:19
4,2
4,3
5,8
6,8
7,4
7,11
7,39
8,11
9,12
10,12
12,13
13,11
13,39
15,16
15,19
15,20
15,22
16,13
16,14
16,19
16,22
16,54
18,19
18,22
20,16
20,39
21,17
21,23
21,24
21,25
21,26
21,28
21,29
21,30
21,31
21,32
21,34
21,35
21,37
21,38
21,48
21,52
22,19
22,39
27,42
30,42
33,21
35,46
36,46
39,47
39,49
40,46
41,47
42,43
42,49
44,50
45,50
46,51
47,51
48,53
49,43
49,53
50,53
51,53
52,55
53,55
54,56
55,56
FN:14
FP:16
2,4
3,4
4,7
5,8
6,8
7,11
7,39
8,11
9,12
10,12
12,13
13,11
13,39
15,16
15,19
15,20
16,13
16,14
16,19
16,54
18,19
18,22
20,16
20,22
20,39
21,17
21,23
21,24
21,25
21,26
21,28
21,29
21,30
21,31
21,32
21,34
21,35
21,37
21,38
21,48
21,52
22,19
22,39
27,42
30,42
33,21
35,46
36,46
39,41
39,43
39,47
40,46
42,49
43,49
44,50
45,50
46,51
47,41
47,51
48,53
49,53
50,53
51,53
52,55
53,55
54,56
55,56
FN:11
FP:12
3,2
3,4
4,2
4,7
5,8
6,8
7,11
7,39
8,11
9,12
10,12
12,13
13,11
13,39
14,13
15,19
15,20
16,13
16,14
16,54
18,19
18,22
19,16
20,16
20,22
20,39
21,17
21,23
21,24
21,25
21,26
21,28
21,29
21,31
21,32
21,33
21,34
21,35
21,37
21,38
21,48
21,52
22,19
22,39
27,30
27,42
30,21
35,46
36,46
39,41
39,43
39,47
40,46
42,30
42,49
43,49
44,50
45,50
46,51
47,41
47,51
48,53
49,53
50,53
51,53
52,55
53,55
54,56
55,56
FN:14
FP:17
2,4
3,4
4,7
5,8
6,8
7,11
7,39
8,11
9,12
10,12
12,13
13,11
13,39
14,13
15,19
15,20
16,13
16,14
16,54
18,19
18,22
19,16
20,16
20,22
20,39
21,17
21,23
21,24
21,26
21,28
21,29
21,30
21,31
21,32
21,33
21,34
21,35
21,37
21,38
21,48
21,52
22,19
22,39
25,21
27,42
30,42
35,46
36,46
39,41
39,43
39,47
40,46
42,49
43,49
44,50
45,50
46,51
47,41
47,51
48,53
49,53
50,53
51,53
52,55
53,55
54,56
55,56
FN:12
FP:13
2,4
3,4
4,7
5,8
6,8
7,11
7,39
8,11
9,12
10,12
12,11
12,13
13,11
13,39
14,13
15,19
15,20
16,13
16,14
16,54
18,19
18,22
19,16
20,16
20,22
20,39
21,17
21,23
21,24
21,25
21,26
21,28
21,29
21,31
21,32
21,33
21,34
21,35
21,37
21,38
21,48
21,52
22,19
22,39
27,30
27,42
30,21
35,46
36,46
39,41
39,43
39,47
40,46
42,30
42,49
43,49
44,50
45,50
46,51
47,41
47,51
48,53
49,53
50,53
51,53
52,55
53,55
54,56
55,56
FN:13
FP:16
3,2
4,2
4,3
5,8
6,8
7,4
7,11
7,39
8,11
9,12
10,12
12,11
12,13
13,11
13,16
13,39
14,16
15,18
15,19
15,20
15,22
16,19
16,20
16,54
19,18
19,22
20,39
21,17
21,23
21,24
21,25
21,26
21,28
21,29
21,30
21,31
21,32
21,34
21,35
21,37
21,38
21,42
21,48
21,52
22,18
22,39
27,30
27,42
33,21
35,46
36,46
39,43
39,47
40,46
41,47
42,30
42,49
43,49
44,50
45,50
46,51
47,51
48,53
49,53
50,53
51,53
52,55
53,55
54,56
55,56
FN:10
FP:14
3,2
4,2
4,3
5,8
6,8
7,4
7,11
7,39
8,11
9,12
10,12
12,13
13,11
13,39
14,13
15,19
15,20
16,13
16,14
16,54
18,19
18,22
19,16
20,16
20,22
20,39
21,17
21,23
21,24
21,25
21,26
21,28
21,29
21,31
21,32
21,33
21,34
21,35
21,37
21,38
21,48
21,52
22,19
22,39
27,30
27,42
30,21
35,46
36,46
39,41
39,43
39,47
40,46
42,30
42,49
43,49
44,50
45,50
46,51
47,41
47,51
48,53
49,53
50,53
51,53
52,55
53,55
54,56
55,56
FN:16
FP:19
2,4
3,4
4,7
5,8
6,8
7,11
7,39
8,11
9,12
10,12
12,11
12,13
13,11
13,39
15,16
15,19
15,20
16,13
16,14
16,19
16,54
18,19
18,22
20,16
20,22
20,39
21,17
21,23
21,24
21,25
21,26
21,28
21,29
21,30
21,31
21,32
21,34
21,35
21,37
21,38
21,48
21,52
22,19
22,39
27,42
30,42
33,21
35,46
36,46
39,41
39,43
39,47
40,46
42,49
43,49
44,50
45,50
46,51
47,41
47,51
48,53
49,53
50,53
51,53
52,55
53,55
54,56
55,56
FN:11
FP:13
2,4
3,4
4,7
5,8
6,8
7,11
7,39
8,11
9,12
10,12
12,13
13,11
13,39
15,16
15,18
15,19
15,20
15,22
16,13
16,19
16,54
19,18
19,22
20,16
20,39
21,17
21,23
21,24
21,26
21,28
21,29
21,30
21,31
21,32
21,33
21,34
21,35
21,37
21,38
21,48
21,52
22,18
22,39
25,21
27,30
27,42
34,42
35,46
36,46
39,43
39,47
40,46
41,47
42,30
42,49
43,49
44,50
45,50
46,51
47,51
48,53
49,53
50,53
51,53
52,55
53,55
54,56
55,56
FN:10
FP:12
2,4
3,4
4,7
5,8
6,8
7,11
7,39
8,11
9,12
10,12
12,13
13,11
13,39
15,16
15,19
15,20
15,22
16,13
16,14
16,19
16,54
18,22
19,22
20,16
20,39
21,17
21,23
21,24
21,25
21,26
21,28
21,29
21,30
21,31
21,32
21,34
21,35
21,37
21,38
21,48
21,52
22,39
27,42
30,42
33,21
35,46
36,46
39,41
39,43
39,47
40,46
42,49
43,49
44,50
45,50
46,51
47,41
47,51
48,53
49,53
50,53
51,53
52,55
53,55
54,56
55,56
FN:9
FP:9
3,4
4,2
4,7
5,8
6,8
7,11
7,39
8,11
9,12
10,12
12,11
12,13
13,11
13,39
15,16
15,19
15,20
15,22
16,13
16,20
16,54
18,19
18,22
19,16
20,39
21,17
21,23
21,24
21,25
21,26
21,28
21,29
21,30
21,32
21,33
21,34
21,35
21,37
21,38
21,48
21,52
22,19
22,39
27,42
30,42
31,21
35,46
36,46
39,43
39,47
40,46
41,47
42,49
43,49
44,50
45,50
46,51
47,51
48,53
49,53
50,53
51,53
52,55
53,55
54,56
55,56
FN:10
FP:10
2,4
3,4
4,7
5,8
6,8
7,11
7,39
8,11
9,12
10,12
12,11
12,13
13,11
13,39
14,13
15,16
15,19
15,20
15,22
16,13
16,14
16,19
16,54
18,22
19,22
20,16
20,39
21,17
21,23
21,24
21,25
21,26
21,28
21,29
21,30
21,31
21,32
21,33
21,35
21,37
21,38
21,42
21,48
21,52
22,39
27,30
27,42
34,21
35,46
36,46
39,43
39,47
40,46
41,47
42,30
42,49
43,49
44,50
45,50
46,51
47,51
48,53
49,53
50,53
51,53
52,55
53,55
54,56
55,56
FN:9
FP:12
2,4
3,4
4,7
5,8
6,8
7,11
7,39
8,11
9,12
10,12
12,13
13,11
13,39
14,13
15,19
15,20
16,13
16,14
16,54
18,19
18,22
19,16
20,16
20,22
20,39
21,17
21,23
21,24
21,25
21,26
21,28
21,29
21,30
21,31
21,32
21,33
21,35
21,37
21,38
21,48
21,52
22,19
22,39
27,42
30,42
34,21
35,46
36,46
39,43
39,47
40,46
41,47
42,49
43,49
44,50
45,50
46,51
47,51
48,53
49,53
50,53
51,53
52,55
53,55
54,56
55,56
FN:11
FP:11
2,4
3,4
4,7
5,8
6,8
7,11
7,39
8,11
9,12
10,12
12,13
13,11
13,39
15,16
15,19
15,20
15,22
16,13
16,14
16,19
16,54
18,22
19,22
20,16
20,39
21,17
21,23
21,24
21,25
21,26
21,28
21,29
21,30
21,31
21,32
21,33
21,35
21,37
21,38
21,48
21,52
22,39
27,42
30,42
34,21
35,46
36,46
39,43
39,47
40,46
41,47
42,49
43,49
44,50
45,50
46,51
47,51
48,53
49,53
50,53
51,53
52,55
53,55
54,56
55,56
FN:8
FP:7
3,2
4,2
4,3
5,8
6,8
7,4
7,11
7,39
8,11
9,12
10,12
12,11
12,13
13,11
13,39
14,13
15,16
15,19
15,20
15,22
16,13
16,14
16,19
16,54
18,22
19,22
20,16
20,39
21,17
21,23
21,24
21,25
21,26
21,28
21,29
21,32
21,33
21,34
21,35
21,37
21,38
21,48
21,52
22,39
27,30
27,42
30,21
30,31
31,21
35,46
36,46
39,43
39,47
40,46
41,47
42,30
42,49
43,49
44,50
45,50
46,51
47,51
48,53
49,53
50,53
51,53
52,55
53,55
54,56
55,56
FN:13
FP:17
2,4
3,4
4,7
5,8
6,8
7,11
7,39
8,11
9,12
10,12
12,11
12,13
13,11
13,39
15,16
15,19
15,20
15,22
16,13
16,14
16,19
16,54
18,22
19,22
20,16
20,39
21,17
21,23
21,24
21,25
21,26
21,28
21,29
21,30
21,31
21,32
21,34
21,35
21,37
21,38
21,48
21,52
22,39
27,42
30,42
33,21
35,46
36,46
39,43
39,47
40,46
41,47
42,49
43,49
44,50
45,50
46,51
47,51
48,53
49,53
50,53
51,53
52,55
53,55
54,56
55,56
FN:8
FP:8
3,2
3,4
4,2
4,7
5,8
6,8
7,11
7,39
8,11
9,12
10,12
12,13
13,11
13,39
14,13
15,16
15,19
15,20
15,22
16,13
16,14
16,19
16,54
18,22
19,22
20,16
20,39
21,17
21,23
21,24
21,25
21,26
21,28
21,29
21,30
21,31
21,32
21,34
21,35
21,37
21,38
21,48
21,52
22,39
27,30
27,42
33,21
35,46
36,46
39,43
39,47
40,46
41,47
42,30
42,49
43,49
44,50
45,50
46,51
47,51
48,53
49,53
50,53
51,53
52,55
53,55
54,56
55,56
FN:10
FP:12
2,4
3,4
4,7
5,8
6,8
7,11
7,13
7,39
8,11
9,12
10,12
11,13
12,13
13,16
13,39
14,16
15,19
15,20
15,22
16,19
16,20
16,22
16,54
18,19
18,22
20,39
21,17
21,23
21,24
21,25
21,26
21,28
21,29
21,31
21,32
21,33
21,35
21,37
21,38
21,48
21,52
22,19
22,39
27,30
27,42
30,21
34,21
35,46
36,46
39,43
39,47
40,46
41,47
42,30
42,49
43,49
44,50
45,50
46,51
47,51
48,53
49,53
50,53
51,53
52,55
53,55
54,56
55,56
FN:6
FP:8
2,3
4,2
4,3
5,8
6,8
7,4
7,11
7,39
8,11
9,12
10,12
12,13
13,11
13,39
14,13
15,16
15,19
15,20
16,13
16,14
16,20
16,54
18,19
18,22
19,16
20,39
21,17
21,23
21,24
21,25
21,26
21,28
21,29
21,31
21,32
21,33
21,34
21,35
21,37
21,38
21,48
21,52
22,19
22,39
27,30
27,42
30,21
35,46
36,46
39,41
39,43
39,47
40,46
42,30
42,49
43,49
44,50
45,50
46,51
47,41
47,51
48,53
49,53
50,53
51,53
52,55
53,55
54,56
55,56
FN:15
FP:18
4,2
4,3
5,8
6,8
7,4
7,11
7,39
8,11
9,12
10,12
12,11
13,11
13,39
14,13
15,19
15,20
16,13
16,14
16,54
18,19
18,22
19,16
20,16
20,22
20,39
21,17
21,23
21,24
21,25
21,26
21,28
21,29
21,31
21,32
21,34
21,35
21,37
21,38
21,48
21,52
22,19
22,39
27,30
27,42
30,21
33,21
35,46
36,46
39,43
39,47
40,46
41,47
42,30
42,49
43,49
44,50
45,50
46,51
47,51
48,53
49,53
50,53
51,53
52,55
53,55
54,56
55,56
FN:17
FP:18
2,4
3,4
4,7
5,8
6,8
7,11
7,39
8,11
9,12
10,12
12,13
13,11
13,39
14,13
15,16
15,19
15,20
16,13
16,14
16,20
16,54
18,19
18,22
19,16
20,39
21,17
21,23
21,24
21,25
21,26
21,28
21,29
21,30
21,31
21,32
21,34
21,35
21,37
21,38
21,48
21,52
22,19
22,39
27,42
30,42
33,21
35,46
36,46
39,41
39,43
39,47
40,46
42,49
43,49
44,50
45,50
46,51
47,41
47,51
48,53
49,53
50,53
51,53
52,55
53,55
54,56
55,56
FN:11
FP:12
2,4
3,4
4,7
5,8
6,8
7,11
7,39
8,11
9,12
10,12
12,11
12,13
13,11
13,39
15,16
15,19
15,20
15,22
16,13
16,14
16,19
16,54
18,22
19,22
20,16
20,39
21,17
21,23
21,24
21,26
21,28
21,29
21,30
21,31
21,32
21,33
21,34
21,35
21,37
21,38
21,48
21,52
22,39
25,21
27,42
30,42
35,46
36,46
39,41
39,43
39,47
40,46
42,49
43,49
44,50
45,50
46,51
47,41
47,51
48,53
49,53
50,53
51,53
52,55
53,55
54,56
55,56
FN:9
FP:10
3,2
3,4
4,2
4,7
5,8
6,8
7,11
7,39
8,11
9,12
10,12
12,13
13,11
13,39
14,13
15,16
15,19
15,20
15,22
16,13
16,14
16,19
16,54
18,22
19,22
20,16
20,39
21,17
21,23
21,24
21,25
21,26
21,28
21,29
21,31
21,32
21,33
21,34
21,35
21,37
21,38
21,48
21,52
22,39
27,30
27,42
30,21
35,46
36,46
39,43
39,47
40,46
41,47
42,30
42,49
43,49
44,50
45,50
46,51
47,51
48,53
49,53
50,53
51,53
52,55
53,55
54,56
55,56
FN:10
FP:12
2,4
3,4
4,7
5,8
6,8
7,11
7,39
8,11
9,12
10,12
12,11
12,13
13,11
13,39
14,13
15,19
15,20
16,13
16,14
16,54
18,19
18,22
19,16
20,16
20,22
20,39
21,17
21,23
21,24
21,25
21,26
21,28
21,29
21,31
21,32
21,33
21,34
21,35
21,37
21,38
21,48
21,52
22,19
22,39
27,30
27,42
30,21
35,46
36,46
39,43
39,47
40,46
41,47
42,30
42,49
43,49
44,50
45,50
46,51
47,51
48,53
49,53
50,53
51,53
52,55
53,55
54,56
55,56
FN:12
FP:14
3,2
4,2
4,3
5,8
6,8
7,4
7,11
7,39
8,11
9,12
10,12
12,11
12,13
13,11
13,39
15,19
15,20
16,13
16,14
16,54
18,19
18,22
19,16
20,16
20,22
20,39
21,17
21,23
21,24
21,25
21,26
21,28
21,29
21,30
21,31
21,32
21,34
21,35
21,37
21,38
21,42
21,48
21,52
22,19
22,39
27,30
27,42
33,21
35,46
36,46
39,43
39,47
40,46
41,47
42,30
42,49
43,49
44,50
45,50
46,51
47,51
48,53
49,53
50,53
51,53
52,55
53,55
54,56
55,56
FN:15
FP:18
2,4
3,4
4,7
5,8
6,8
7,11
7,39
8,11
9,12
10,12
12,13
13,11
13,39
15,16
15,19
15,20
15,22
16,13
16,19
16,54
18,22
19,22
20,16
20,39
21,17
21,23
21,24
21,25
21,26
21,28
21,29
21,30
21,31
21,32
21,33
21,35
21,37
21,38
21,48
21,52
22,39
27,42
30,42
34,21
35,46
36,46
39,43
39,47
40,46
41,47
42,49
43,49
44,50
45,50
46,51
47,51
48,53
49,53
50,53
51,53
52,55
53,55
54,56
55,56
FN:8
FP:6
2,4
3,4
4,7
5,8
6,8
7,11
7,13
7,39
8,11
9,12
10,12
11,13
12,13
13,16
13,39
14,16
15,19
15,20
15,22
16,19
16,20
16,54
18,22
19,22
20,39
21,17
21,23
21,24
21,26
21,28
21,29
21,30
21,31
21,32
21,33
21,34
21,35
21,37
21,38
21,48
21,52
22,39
25,21
27,42
30,42
35,46
36,46
39,43
39,47
40,46
41,47
42,49
43,49
44,50
45,50
46,51
47,51
48,53
49,53
50,53
51,53
52,55
53,55
54,56
55,56
FN:3
FP:2
4,2
4,3
5,8
6,8
7,4
7,11
7,39
8,11
9,12
10,12
12,11
12,13
13,11
13,39
14,13
14,20
15,16
15,19
15,20
15,22
16,13
16,19
16,54
18,22
19,22
20,16
20,39
21,17
21,23
21,24
21,25
21,26
21,28
21,29
21,30
21,32
21,33
21,34
21,35
21,37
21,38
21,42
21,48
21,52
22,39
27,30
27,42
31,21
35,46
36,46
39,43
39,47
40,46
41,47
42,30
42,49
43,49
44,50
45,50
46,51
47,51
48,53
49,53
50,53
51,53
52,55
53,55
54,56
55,56
FN:12
FP:15
1,11
1,12
1,13
1,14
1,23
1,28
1,60
2,3
2,15
2,16
3,16
4,21
4,29
4,30
4,31
4,32
4,33
6,17
6,19
7,18
7,19
9,8
14,3
14,15
14,16
15,3
15,21
16,21
17,5
18,34
18,35
18,36
18,40
18,64
18,65
18,66
18,67
18,68
18,70
19,34
19,35
19,36
19,40
19,64
19,65
19,66
19,67
19,70
20,8
20,9
20,23
20,24
20,25
20,27
20,28
20,38
20,39
20,45
20,55
20,59
20,60
20,67
21,23
21,28
21,29
21,31
21,32
21,33
21,34
21,38
21,39
21,60
21,64
21,65
21,66
21,67
21,68
22,6
22,17
22,37
22,38
22,39
22,40
22,43
22,64
22,65
22,67
22,68
23,8
23,39
23,40
23,43
23,66
23,67
26,20
26,27
29,30
40,41
42,21
42,22
44,22
44,23
44,42
44,45
44,46
44,47
44,48
44,49
44,52
44,53
44,54
44,55
44,59
44,60
44,64
44,65
44,66
44,68
44,70
45,69
50,44
50,51
55,56
55,57
55,58
60,23
60,61
60,62
60,63
66,69
FN:15
FP:22
1,11
1,12
1,13
1,14
1,23
1,28
1,60
2,15
2,16
3,15
3,16
4,21
4,29
4,30
4,32
4,33
6,17
6,44
7,6
7,18
7,19
9,8
14,15
14,16
17,5
18,34
18,35
18,36
18,40
18,64
18,65
18,66
18,67
18,68
18,70
19,6
19,34
19,35
19,36
19,40
19,64
19,65
19,66
19,67
19,70
20,8
20,23
20,24
20,25
20,26
20,27
20,28
20,39
20,45
20,55
20,59
20,60
20,67
21,20
21,23
21,28
21,29
21,32
21,33
21,34
21,38
21,39
21,42
21,60
21,64
21,65
21,66
21,67
21,68
22,17
22,20
22,37
22,38
22,39
22,40
22,43
22,64
22,65
22,67
22,68
23,8
23,39
23,40
23,43
23,66
23,67
26,27
29,30
31,21
38,20
40,41
42,22
42,44
44,22
44,23
44,45
44,46
44,47
44,48
44,49
44,50
44,52
44,53
44,54
44,55
44,59
44,60
44,64
44,65
44,66
44,68
44,70
45,69
50,51
55,56
55,57
55,58
60,23
60,61
60,62
60,63
66,69
FN:16
FP:20
1,11
1,12
1,13
1,14
1,28
1,60
2,3
2,15
2,16
3,16
4,29
4,30
4,31
4,32
4,33
6,17
6,22
7,6
7,18
7,19
8,20
9,20
14,3
14,15
14,16
15,3
17,5
18,34
18,35
18,36
18,40
18,64
18,65
18,66
18,67
18,68
18,70
19,6
19,34
19,35
19,36
19,40
19,64
19,65
19,66
19,67
19,70
20,24
20,25
20,26
20,27
20,28
20,38
20,39
20,45
20,55
20,59
20,60
20,67
21,4
21,28
21,29
21,31
21,32
21,33
21,34
21,38
21,39
21,60
21,64
21,65
21,66
21,67
21,68
22,17
22,23
22,37
22,38
22,39
22,40
22,42
22,43
22,44
22,64
22,65
22,67
22,68
23,8
23,39
23,40
23,60
23,66
23,67
26,27
29,30
40,41
42,21
43,23
44,42
44,45
44,46
44,47
44,48
44,49
44,50
44,52
44,53
44,54
44,55
44,59
44,60
44,64
44,65
44,66
44,68
44,70
45,69
50,51
55,56
55,57
55,58
60,61
60,62
60,63
66,69
FN:13
FP:15
1,11
1,12
1,13
1,14
1,23
1,28
1,60
2,15
2,16
3,15
3,16
4,29
4,30
4,32
4,33
6,17
6,22
7,6
7,18
7,19
9,8
14,15
14,16
15,21
16,21
17,5
18,34
18,35
18,36
18,40
18,64
18,65
18,66
18,67
18,68
18,70
19,6
19,34
19,35
19,36
19,40
19,64
19,65
19,66
19,67
19,70
20,8
20,23
20,24
20,25
20,27
20,28
20,38
20,39
20,44
20,45
20,55
20,59
20,60
20,67
21,4
21,23
21,28
21,29
21,31
21,32
21,33
21,34
21,38
21,39
21,60
21,64
21,65
21,66
21,67
21,68
22,17
22,37
22,38
22,39
22,40
22,42
22,43
22,64
22,65
22,67
22,68
23,8
23,39
23,40
23,43
23,66
23,67
26,20
26,27
29,30
31,4
40,41
42,21
44,22
44,23
44,42
44,45
44,46
44,47
44,48
44,49
44,50
44,52
44,53
44,54
44,59
44,60
44,64
44,65
44,66
44,68
44,70
45,69
50,51
55,44
55,56
55,57
55,58
60,23
60,61
60,62
60,63
66,69
FN:16
FP:22
1,11
1,12
1,13
1,14
1,28
1,60
2,3
2,15
4,21
4,29
4,30
4,32
4,33
6,17
7,6
7,18
7,19
8,23
9,8
9,23
14,3
14,15
15,16
16,3
17,5
18,34
18,35
18,36
18,40
18,64
18,65
18,66
18,67
18,68
18,70
19,6
19,34
19,35
19,36
19,40
19,64
19,65
19,66
19,67
19,70
20,8
20,9
20,24
20,25
20,27
20,28
20,38
20,39
20,45
20,55
20,59
20,60
20,67
21,16
21,28
21,29
21,32
21,33
21,34
21,38
21,39
21,42
21,60
21,64
21,65
21,67
21,68
22,6
22,17
22,37
22,38
22,39
22,40
22,43
22,64
22,65
22,67
22,68
23,39
23,40
23,43
23,60
23,66
23,67
26,20
26,27
29,30
31,21
31,66
33,66
40,41
42,22
42,44
44,22
44,45
44,46
44,47
44,48
44,49
44,50
44,52
44,53
44,54
44,55
44,59
44,60
44,64
44,65
44,66
44,68
44,70
45,69
50,51
55,56
55,57
55,58
60,61
60,62
60,63
66,69
FN:18
FP:20
1,11
1,12
1,13
1,14
1,28
1,60
2,3
2,15
4,29
4,30
4,32
4,33
6,17
6,19
7,18
7,19
8,20
8,23
9,20
9,23
14,3
14,15
15,3
15,16
16,3
17,5
18,34
18,35
18,36
18,40
18,64
18,65
18,66
18,67
18,68
18,70
19,34
19,35
19,36
19,40
19,64
19,65
19,66
19,67
19,70
20,24
20,25
20,26
20,27
20,28
20,38
20,39
20,45
20,55
20,59
20,60
20,67
21,4
21,16
21,28
21,29
21,31
21,32
21,33
21,34
21,38
21,39
21,60
21,64
21,65
21,66
21,67
21,68
22,6
22,17
22,37
22,38
22,39
22,40
22,43
22,64
22,65
22,67
22,68
23,39
23,40
23,43
23,60
23,66
23,67
26,27
29,30
31,4
40,41
42,21
42,22
42,44
44,22
44,45
44,46
44,47
44,48
44,49
44,50
44,52
44,53
44,54
44,55
44,59
44,60
44,64
44,65
44,66
44,68
44,70
45,69
50,51
55,56
55,57
55,58
60,61
60,62
60,63
66,69
FN:14
FP:15
1,11
1,12
1,13
1,14
1,28
1,60
2,3
2,15
4,21
4,29
4,30
4,31
4,32
4,33
6,17
6,22
7,6
7,18
7,19
8,23
14,3
14,15
15,3
15,16
16,3
17,5
18,34
18,35
18,36
18,40
18,64
18,65
18,66
18,67
18,68
18,70
19,6
19,34
19,35
19,36
19,40
19,64
19,65
19,66
19,67
19,70
20,8
20,23
20,24
20,25
20,27
20,28
20,38
20,39
20,45
20,55
20,59
20,60
20,67
21,16
21,28
21,29
21,31
21,32
21,33
21,34
21,38
21,39
21,60
21,64
21,65
21,66
21,67
21,68
22,17
22,37
22,38
22,39
22,40
22,42
22,43
22,44
22,64
22,65
22,67
22,68
23,39
23,40
23,43
23,60
23,66
23,67
26,20
26,27
29,30
40,41
42,21
44,42
44,45
44,46
44,47
44,48
44,49
44,50
44,52
44,53
44,54
44,55
44,59
44,60
44,64
44,65
44,66
44,68
44,70
45,69
50,51
55,56
55,57
55,58
60,61
60,62
60,63
66,69
FN:16
FP:17
1,11
1,12
1,13
1,14
1,28
1,60
2,16
3,16
4,29
4,30
4,32
4,33
5,17
6,22
7,6
7,18
7,19
8,20
8,23
9,20
9,23
14,16
16,15
17,22
18,34
18,35
18,36
18,40
18,64
18,65
18,66
18,67
18,68
18,70
19,6
19,34
19,35
19,36
19,40
19,64
19,65
19,66
19,67
19,70
20,24
20,25
20,26
20,27
20,28
20,38
20,39
20,45
20,55
20,59
20,60
20,67
21,4
21,15
21,28
21,29
21,31
21,32
21,33
21,34
21,38
21,39
21,60
21,64
21,65
21,66
21,67
21,68
22,37
22,38
22,39
22,40
22,42
22,43
22,44
22,64
22,65
22,67
22,68
23,39
23,40
23,43
23,60
23,66
23,67
29,30
31,4
40,41
42,21
44,42
44,45
44,46
44,47
44,48
44,49
44,50
44,52
44,53
44,54
44,55
44,59
44,60
44,64
44,65
44,66
44,68
44,70
45,69
50,51
55,56
55,57
55,58
60,61
60,62
60,63
66,69
FN:12
FP:9
1,11
1,12
1,13
1,14
1,28
1,60
2,15
2,16
3,15
3,16
4,21
4,29
4,30
4,31
4,32
4,33
6,17
6,19
7,18
7,19
8,20
9,20
9,43
14,15
14,16
15,21
16,21
17,5
18,34
18,35
18,36
18,40
18,64
18,65
18,66
18,67
18,68
18,70
19,34
19,35
19,36
19,40
19,64
19,65
19,66
19,67
19,70
20,24
20,25
20,26
20,28
20,38
20,39
20,45
20,55
20,59
20,60
20,67
21,28
21,29
21,31
21,32
21,33
21,34
21,38
21,39
21,42
21,60
21,64
21,65
21,66
21,67
21,68
22,6
22,17
22,23
22,37
22,38
22,39
22,40
22,43
22,64
22,65
22,67
22,68
23,8
23,39
23,40
23,60
23,66
23,67
29,30
40,41
42,22
43,23
44,22
44,42
44,45
44,46
44,48
44,49
44,50
44,52
44,53
44,54
44,55
44,59
44,60
44,64
44,65
44,66
44,68
44,70
45,69
47,44
50,21
50,51
55,56
55,57
55,58
60,61
60,62
60,63
66,69
FN:12
FP:13
1,11
1,12
1,13
1,14
1,28
1,60
2,3
2,15
4,29
4,30
4,31
4,32
4,33
6,17
6,19
7,18
7,19
8,23
9,23
14,3
14,15
15,3
15,16
16,3
17,5
18,34
18,35
18,36
18,40
18,64
18,65
18,66
18,67
18,68
18,70
19,34
19,35
19,36
19,40
19,64
19,65
19,66
19,67
19,70
20,8
20,24
20,25
20,27
20,28
20,38
20,39
20,44
20,45
20,55
20,59
20,60
20,67
21,4
21,16
21,28
21,29
21,31
21,32
21,33
21,34
21,38
21,39
21,60
21,64
21,65
21,66
21,67
21,68
22,6
22,17
22,37
22,38
22,39
22,40
22,43
22,64
22,65
22,67
22,68
23,39
23,40
23,43
23,60
23,66
23,67
26,20
26,27
29,30
40,41
42,21
42,22
44,22
44,42
44,45
44,46
44,47
44,48
44,49
44,50
44,52
44,53
44,54
44,59
44,60
44,64
44,65
44,66
44,68
44,70
45,69
50,51
55,44
55,56
55,57
55,58
60,61
60,62
60,63
66,69
FN:18
FP:19
1,11
1,12
1,13
1,14
1,28
1,60
2,3
2,15
2,16
3,16
4,29
4,30
4,31
4,32
4,33
6,17
7,6
7,18
7,19
8,23
9,8
9,20
9,23
14,3
14,15
14,16
15,3
15,21
16,21
17,5
18,34
18,35
18,36
18,40
18,64
18,65
18,66
18,67
18,68
18,70
19,6
19,34
19,35
19,36
19,40
19,64
19,65
19,66
19,67
19,70
20,8
20,24
20,25
20,26
20,27
20,28
20,38
20,39
20,44
20,45
20,55
20,59
20,60
20,67
21,4
21,28
21,29
21,31
21,32
21,33
21,34
21,38
21,39
21,60
21,64
21,65
21,66
21,67
21,68
22,17
22,19
22,37
22,38
22,39
22,40
22,43
22,64
22,65
22,67
22,68
23,39
23,40
23,43
23,60
23,66
23,67
26,27
29,30
40,41
42,21
42,22
44,22
44,42
44,45
44,46
44,47
44,48
44,49
44,50
44,52
44,53
44,54
44,59
44,60
44,64
44,65
44,66
44,68
44,70
45,69
50,51
55,44
55,56
55,57
55,58
60,61
60,62
60,63
66,69
FN:12
FP:18
1,11
1,12
1,13
1,14
1,28
1,60
2,15
2,16
3,15
3,16
4,21
4,29
4,30
4,32
4,33
5,17
6,22
7,6
7,18
7,19
8,23
8,43
14,15
14,16
17,22
18,34
18,35
18,36
18,40
18,64
18,65
18,66
18,67
18,68
18,70
19,6
19,34
19,35
19,36
19,40
19,64
19,65
19,66
19,67
19,70
20,8
20,24
20,25
20,27
20,28
20,38
20,39
20,45
20,55
20,59
20,60
20,67
21,28
21,29
21,32
21,33
21,34
21,38
21,39
21,42
21,60
21,64
21,65
21,66
21,67
21,68
22,23
22,37
22,38
22,39
22,40
22,43
22,64
22,65
22,67
22,68
23,39
23,40
23,60
23,66
23,67
26,20
26,27
29,30
31,21
40,41
42,22
42,50
43,23
44,22
44,45
44,46
44,47
44,48
44,49
44,52
44,53
44,54
44,55
44,59
44,60
44,64
44,65
44,66
44,68
44,70
45,69
50,44
50,51
55,56
55,57
55,58
60,61
60,62
60,63
66,69
FN:14
FP:12
1,11
1,12
1,13
1,14
1,23
1,28
1,60
2,3
2,15
4,29
4,30
4,31
4,32
4,33
6,17
6,22
7,6
7,18
7,19
9,8
9,26
14,3
14,15
15,3
15,16
16,3
17,5
18,34
18,35
18,36
18,40
18,64
18,65
18,66
18,67
18,68
18,70
19,6
19,34
19,35
19,36
19,40
19,64
19,65
19,66
19,67
19,70
20,8
20,23
20,24
20,25
20,27
20,28
20,38
20,39
20,45
20,55
20,59
20,60
20,67
21,4
21,16
21,23
21,28
21,29
21,31
21,32
21,33
21,34
21,38
21,39
21,60
21,64
21,65
21,66
21,67
21,68
22,17
22,37
22,38
22,39
22,40
22,42
22,43
22,44
22,64
22,65
22,67
22,68
23,8
23,39
23,40
23,43
23,66
23,67
26,20
26,27
29,30
40,41
42,21
44,23
44,42
44,45
44,46
44,47
44,48
44,49
44,50
44,52
44,53
44,54
44,55
44,59
44,60
44,64
44,65
44,66
44,68
45,69
47,70
50,51
55,56
55,57
55,58
60,23
60,61
60,62
60,63
66,69
FN:20
FP:26
1,11
1,12
1,13
1,14
1,23
1,28
2,3
2,15
4,29
4,30
4,31
4,32
4,33
6,17
6,19
7,18
7,19
9,8
14,3
14,15
15,3
15,16
16,3
17,5
18,34
18,35
18,36
18,40
18,64
18,65
18,66
18,67
18,68
18,70
19,34
19,35
19,36
19,40
19,64
19,65
19,66
19,67
19,70
20,8
20,23
20,24
20,25
20,27
20,28
20,38
20,39
20,45
20,55
20,59
20,67
21,4
21,16
21,23
21,28
21,29
21,31
21,32
21,33
21,34
21,38
21,39
21,64
21,65
21,66
21,67
21,68
22,6
22,17
22,37
22,38
22,39
22,40
22,43
22,61
22,64
22,65
22,67
22,68
23,8
23,39
23,40
23,43
23,66
23,67
26,20
26,27
29,30
40,41
42,21
42,22
44,22
44,23
44,42
44,45
44,46
44,48
44,49
44,50
44,52
44,53
44,54
44,55
44,59
44,64
44,65
44,66
44,68
44,70
45,69
47,44
50,51
55,56
55,57
55,58
60,21
60,23
60,62
60,63
61,60
66,69
FN:26
FP:28
1,11
1,12
1,13
1,14
1,28
1,60
2,15
2,16
3,15
3,16
4,21
4,29
4,30
4,32
4,33
6,17
6,19
7,18
7,19
8,20
8,23
9,20
9,23
14,15
14,16
17,5
18,34
18,35
18,36
18,40
18,64
18,66
18,67
18,68
18,70
19,34
19,35
19,36
19,40
19,64
19,66
19,67
19,70
20,24
20,25
20,26
20,27
20,28
20,38
20,39
20,45
20,55
20,59
20,60
20,67
21,28
21,29
21,32
21,33
21,34
21,38
21,39
21,42
21,60
21,64
21,66
21,67
21,68
22,6
22,17
22,37
22,38
22,39
22,40
22,43
22,64
22,65
22,67
22,68
23,39
23,40
23,43
23,60
23,66
23,67
26,27
29,30
31,21
34,65
40,41
40,65
42,22
42,44
44,22
44,45
44,46
44,47
44,48
44,49
44,50
44,52
44,53
44,54
44,55
44,59
44,60
44,64
44,65
44,66
44,68
44,70
45,69
50,51
55,56
55,57
55,58
60,61
60,62
60,63
66,69
FN:12
FP:9
1,11
1,12
1,13
1,14
1,28
1,60
2,3
2,15
2,16
3,16
4,29
4,30
4,32
4,33
6,17
7,6
7,18
7,19
9,8
14,3
14,15
14,16
15,3
15,21
16,21
17,5
18,34
18,35
18,36
18,40
18,64
18,65
18,66
18,67
18,68
18,70
19,6
19,34
19,35
19,36
19,40
19,64
19,65
19,66
19,67
19,70
20,8
20,24
20,25
20,27
20,28
20,38
20,39
20,43
20,45
20,55
20,59
20,60
20,67
21,4
21,28
21,29
21,31
21,32
21,33
21,34
21,38
21,39
21,42
21,60
21,64
21,65
21,66
21,67
21,68
22,6
22,17
22,23
22,37
22,38
22,39
22,40
22,43
22,64
22,65
22,67
22,68
23,8
23,39
23,40
23,60
23,66
23,67
26,20
26,27
29,30
31,4
40,41
42,22
42,44
43,23
44,22
44,45
44,46
44,47
44,48
44,49
44,50
44,52
44,53
44,54
44,55
44,59
44,60
44,64
44,65
44,66
44,68
44,70
45,69
50,51
55,56
55,57
55,58
60,61
60,62
60,63
66,69
FN:15
FP:20
1,11
1,12
1,13
1,14
1,23
1,28
1,60
2,3
2,15
4,29
4,30
4,31
4,32
4,33
6,17
6,22
7,6
7,18
7,19
9,8
9,26
14,3
14,15
15,16
16,3
17,5
18,34
18,35
18,36
18,40
18,64
18,65
18,66
18,67
18,68
18,70
19,6
19,34
19,35
19,36
19,40
19,64
19,65
19,66
19,67
19,70
20,8
20,23
20,24
20,25
20,27
20,28
20,38
20,39
20,45
20,55
20,59
20,60
20,67
21,4
21,16
21,23
21,28
21,29
21,31
21,32
21,33
21,34
21,38
21,39
21,60
21,64
21,65
21,66
21,67
21,68
22,17
22,37
22,38
22,39
22,40
22,42
22,43
22,44
22,64
22,67
22,68
23,8
23,39
23,40
23,43
23,66
23,67
26,20
26,27
29,30
40,41
42,21
44,23
44,42
44,45
44,46
44,47
44,48
44,49
44,50
44,52
44,53
44,54
44,55
44,59
44,60
44,64
44,65
44,66
44,68
44,70
45,69
50,51
55,56
55,57
55,58
60,23
60,61
60,62
60,63
66,69
FN:20
FP:24
1,11
1,12
1,13
1,14
1,28
1,60
2,3
2,15
4,29
4,30
4,32
4,33
6,17
7,6
7,18
7,19
8,20
8,23
9,20
9,23
14,3
14,15
15,3
15,16
16,3
17,5
18,34
18,35
18,36
18,40
18,64
18,65
18,66
18,67
18,68
18,70
19,6
19,34
19,35
19,36
19,40
19,64
19,65
19,66
19,67
19,70
20,24
20,25
20,26
20,27
20,28
20,38
20,39
20,45
20,55
20,59
20,60
20,67
21,4
21,16
21,28
21,29
21,31
21,32
21,33
21,34
21,38
21,39
21,60
21,64
21,65
21,66
21,67
21,68
22,17
22,19
22,37
22,38
22,39
22,40
22,43
22,64
22,65
22,67
22,68
23,39
23,40
23,43
23,60
23,66
23,67
26,27
29,30
31,4
40,41
42,21
42,22
44,22
44,42
44,45
44,47
44,48
44,49
44,50
44,52
44,53
44,54
44,55
44,59
44,60
44,64
44,65
44,66
44,68
44,70
45,69
46,44
50,51
55,56
55,57
55,58
60,61
60,62
60,63
66,69
FN:17
FP:19
1,11
1,12
1,13
1,14
1,23
1,28
1,60
2,15
2,16
3,15
3,16
4,21
4,29
4,30
4,32
4,33
6,17
7,6
7,18
7,19
9,8
14,15
14,16
17,5
18,34
18,35
18,36
18,40
18,64
18,65
18,66
18,67
18,68
18,70
19,6
19,34
19,35
19,36
19,40
19,64
19,65
19,66
19,67
19,70
20,8
20,23
20,24
20,25
20,27
20,28
20,38
20,39
20,45
20,55
20,59
20,60
20,67
21,23
21,28
21,29
21,32
21,33
21,34
21,38
21,39
21,42
21,60
21,64
21,65
21,66
21,67
21,68
22,17
22,19
22,37
22,38
22,39
22,40
22,43
22,64
22,67
22,68
23,8
23,39
23,40
23,43
23,66
23,67
26,20
26,27
29,30
31,21
40,41
42,22
42,44
42,65
44,22
44,23
44,45
44,46
44,47
44,48
44,49
44,50
44,52
44,53
44,54
44,55
44,59
44,60
44,64
44,66
44,68
44,70
45,69
50,51
55,56
55,57
55,58
60,23
60,61
60,62
60,63
66,69
FN:18
FP:19
1,11
1,12
1,13
1,14
1,28
1,60
2,3
2,15
4,29
4,30
4,32
4,33
6,17
6,22
7,6
7,18
7,19
8,23
9,8
9,23
14,3
14,15
15,3
15,16
16,3
17,5
18,34
18,35
18,36
18,40
18,64
18,65
18,66
18,67
18,68
18,70
19,6
19,34
19,35
19,36
19,40
19,64
19,65
19,66
19,67
19,70
20,8
20,24
20,25
20,27
20,28
20,38
20,39
20,45
20,55
20,59
20,60
20,67
21,4
21,16
21,28
21,29
21,31
21,32
21,33
21,34
21,38
21,39
21,60
21,64
21,65
21,66
21,67
21,68
22,17
22,37
22,38
22,39
22,40
22,42
22,43
22,64
22,65
22,67
22,68
23,39
23,40
23,43
23,60
23,66
23,67
26,20
26,27
29,30
31,4
40,41
42,21
44,22
44,42
44,45
44,46
44,47
44,48
44,49
44,50
44,52
44,54
44,55
44,59
44,60
44,64
44,65
44,66
44,68
44,70
45,69
50,51
53,44
55,56
55,57
55,58
60,61
60,62
60,63
66,69
FN:19
FP:21
1,11
1,12
1,13
1,14
1,23
1,28
1,60
2,15
2,16
3,15
3,16
4,29
4,30
4,32
4,33
5,17
6,22
7,6
7,18
7,19
9,8
14,15
14,16
17,22
18,34
18,35
18,36
18,40
18,64
18,65
18,66
18,67
18,68
18,70
19,6
19,34
19,35
19,36
19,40
19,64
19,65
19,66
19,67
19,70
20,8
20,23
20,24
20,25
20,27
20,28
20,38
20,39
20,45
20,55
20,59
20,60
20,67
21,4
21,23
21,28
21,29
21,31
21,32
21,33
21,34
21,38
21,39
21,60
21,64
21,65
21,66
21,67
21,68
22,37
22,38
22,39
22,40
22,42
22,43
22,44
22,64
22,65
22,67
22,68
23,8
23,39
23,40
23,43
23,66
23,67
26,20
26,27
29,30
31,4
40,41
42,21
44,23
44,42
44,45
44,46
44,47
44,48
44,49
44,50
44,52
44,53
44,54
44,55
44,59
44,60
44,64
44,65
44,66
44,68
44,70
45,69
50,51
55,56
55,57
55,58
60,23
60,61
60,62
60,63
66,69
FN:14
FP:16
1,11
1,12
1,13
1,14
1,28
1,60
2,15
2,16
3,15
3,16
4,21
4,29
4,30
4,32
4,33
6,17
7,6
7,18
7,19
8,23
9,8
9,23
14,15
14,16
15,31
16,31
17,5
18,34
18,35
18,36
18,40
18,64
18,65
18,66
18,67
18,68
18,70
19,6
19,34
19,35
19,36
19,40
19,64
19,65
19,66
19,67
19,70
20,8
20,24
20,25
20,27
20,28
20,38
20,39
20,45
20,55
20,59
20,60
20,67
21,28
21,29
21,32
21,33
21,34
21,38
21,39
21,42
21,60
21,64
21,65
21,66
21,67
21,68
22,6
22,17
22,19
22,37
22,38
22,39
22,40
22,43
22,64
22,65
22,67
22,68
23,39
23,40
23,43
23,60
23,66
23,67
26,20
26,27
29,30
31,21
40,41
42,22
42,44
44,22
44,45
44,46
44,47
44,48
44,49
44,50
44,52
44,53
44,54
44,55
44,59
44,60
44,64
44,65
44,66
44,68
44,70
45,69
50,51
55,56
55,57
55,58
60,61
60,62
60,63
66,69
FN:13
FP:15
1,11
1,12
1,13
1,14
1,28
1,60
2,3
2,15
4,21
4,29
4,30
4,32
4,33
5,17
6,22
7,6
7,18
7,19
8,23
9,8
9,20
9,23
14,3
14,15
15,16
16,3
17,22
18,34
18,35
18,36
18,40
18,64
18,65
18,66
18,67
18,68
18,70
19,6
19,34
19,35
19,36
19,40
19,64
19,65
19,66
19,67
19,70
20,8
20,24
20,25
20,27
20,28
20,38
20,39
20,45
20,55
20,59
20,60
20,67
21,16
21,28
21,29
21,32
21,33
21,34
21,38
21,39
21,42
21,60
21,64
21,65
21,66
21,67
21,68
22,37
22,38
22,39
22,40
22,43
22,44
22,64
22,65
22,67
22,68
23,39
23,40
23,43
23,60
23,66
23,67
26,20
26,27
29,30
31,21
40,41
42,44
44,45
44,46
44,47
44,48
44,49
44,50
44,52
44,53
44,54
44,55
44,59
44,60
44,64
44,65
44,66
44,68
44,70
45,69
50,51
55,56
55,57
55,58
60,61
60,62
60,63
66,69
FN:12
FP:11
1,11
1,12
1,13
1,14
1,28
1,60
2,15
2,16
3,15
3,16
4,29
4,30
4,32
4,33
6,17
6,22
7,6
7,18
7,19
9,8
14,15
14,16
17,5
18,34
18,35
18,36
18,40
18,64
18,65
18,66
18,67
18,68
18,70
19,6
19,34
19,35
19,36
19,40
19,64
19,65
19,66
19,67
19,70
20,8
20,9
20,24
20,25
20,27
20,28
20,38
20,39
20,45
20,55
20,59
20,60
20,67
21,4
21,28
21,29
21,31
21,32
21,33
21,34
21,38
21,39
21,60
21,64
21,65
21,66
21,67
21,68
22,17
22,23
22,37
22,38
22,39
22,40
22,42
22,43
22,64
22,67
22,68
23,8
23,39
23,40
23,60
23,66
23,67
26,20
26,27
29,30
31,4
40,41
42,21
43,23
44,22
44,42
44,45
44,47
44,48
44,49
44,50
44,52
44,53
44,54
44,55
44,59
44,60
44,64
44,65
44,66
44,68
44,70
45,69
46,44
50,51
55,43
55,56
55,57
55,58
60,61
60,62
60,63
66,69
FN:19
FP:20
1,11
1,12
1,13
1,14
1,28
1,60
2,3
2,15
2,16
3,16
4,29
4,30
4,32
4,33
6,17
6,19
7,18
7,19
8,20
9,20
14,3
14,15
14,16
15,3
15,21
16,21
17,5
18,34
18,35
18,36
18,40
18,64
18,65
18,66
18,67
18,68
18,70
19,34
19,35
19,36
19,40
19,64
19,65
19,66
19,67
19,70
20,24
20,25
20,26
20,27
20,28
20,38
20,39
20,45
20,55
20,59
20,60
20,67
21,4
21,28
21,29
21,31
21,32
21,33
21,34
21,38
21,39
21,42
21,60
21,64
21,65
21,66
21,67
21,68
22,6
22,17
22,23
22,37
22,38
22,39
22,40
22,43
22,64
22,65
22,67
22,68
23,8
23,39
23,40
23,60
23,66
23,67
26,27
29,30
31,4
40,41
42,22
42,44
43,23
44,22
44,45
44,46
44,47
44,48
44,49
44,50
44,52
44,53
44,54
44,55
44,59
44,60
44,64
44,65
44,66
44,68
44,70
45,69
50,51
55,56
55,57
55,58
60,61
60,62
60,63
66,69
FN:11
FP:14
1,11
1,12
1,13
1,14
1,28
1,60
2,3
2,15
2,16
3,16
4,21
4,29
4,30
4,31
4,32
4,33
6,17
6,22
7,6
7,18
7,19
8,23
9,23
14,3
14,15
14,16
15,3
15,21
16,21
17,5
18,34
18,35
18,36
18,40
18,64
18,65
18,66
18,67
18,68
18,70
19,6
19,34
19,35
19,36
19,40
19,64
19,65
19,66
19,67
19,70
20,8
20,24
20,25
20,27
20,28
20,38
20,39
20,45
20,55
20,59
20,60
20,67
21,28
21,29
21,31
21,32
21,33
21,34
21,38
21,39
21,60
21,64
21,66
21,67
21,68
22,17
22,37
22,38
22,39
22,40
22,42
22,43
22,64
22,67
22,68
23,39
23,40
23,43
23,60
23,66
23,67
26,20
26,27
29,30
40,41
42,65
44,22
44,42
44,45
44,47
44,48
44,49
44,50
44,52
44,53
44,54
44,55
44,59
44,60
44,64
44,66
44,68
44,70
45,69
46,44
50,51
55,56
55,57
55,58
60,61
60,62
60,63
65,21
66,69
FN:15
FP:16
1,11
1,12
1,13
1,14
1,28
1,60
2,3
2,15
4,29
4,30
4,32
4,33
6,17
6,22
7,6
7,18
7,19
8,20
8,23
9,20
9,23
14,3
14,15
15,3
15,16
16,3
17,5
18,34
18,35
18,36
18,40
18,64
18,65
18,66
18,67
18,68
18,70
19,6
19,34
19,35
19,36
19,40
19,64
19,65
19,66
19,67
19,70
20,24
20,25
20,26
20,28
20,38
20,39
20,44
20,45
20,55
20,59
20,60
20,67
21,4
21,16
21,28
21,29
21,31
21,32
21,33
21,34
21,38
21,39
21,60
21,64
21,65
21,66
21,67
21,68
22,17
22,37
22,38
22,39
22,40
22,42
22,43
22,64
22,65
22,67
22,68
23,39
23,40
23,43
23,60
23,66
23,67
29,30
31,4
40,41
42,21
44,22
44,42
44,45
44,46
44,47
44,48
44,49
44,50
44,52
44,53
44,54
44,59
44,60
44,64
44,65
44,66
44,68
44,70
45,69
50,51
55,44
55,56
55,57
55,58
60,61
60,62
60,63
66,69
FN:18
FP:19
1,11
1,12
1,13
1,14
1,28
1,60
2,15
2,16
3,15
3,16
4,21
4,29
4,30
4,32
4,33
6,17
7,6
7,18
7,19
8,23
9,23
14,15
14,16
17,5
18,34
18,35
18,36
18,40
18,64
18,65
18,66
18,67
18,68
18,70
19,6
19,34
19,35
19,36
19,40
19,64
19,65
19,66
19,67
19,70
20,24
20,25
20,26
20,27
20,28
20,38
20,39
20,45
20,55
20,59
20,67
21,20
21,28
21,29
21,32
21,33
21,34
21,38
21,39
21,42
21,60
21,64
21,65
21,66
21,67
21,68
22,17
22,19
22,37
22,38
22,39
22,40
22,43
22,64
22,65
22,67
22,68
23,20
23,39
23,40
23,43
23,66
23,67
26,27
29,30
31,21
40,41
42,22
42,44
44,20
44,22
44,45
44,46
44,47
44,48
44,49
44,50
44,52
44,53
44,54
44,55
44,59
44,60
44,64
44,65
44,66
44,68
44,70
45,69
50,51
55,56
55,57
55,58
60,20
60,23
60,61
60,62
60,63
66,69
FN:14
FP:14
1,11
1,12
1,13
1,14
1,28
2,3
2,15
4,29
4,30
4,31
4,32
4,33
6,17
6,22
6,50
7,6
7,19
8,23
9,8
9,23
14,3
14,15
15,3
15,16
16,3
17,5
18,34
18,36
18,40
18,64
18,65
18,66
18,67
18,68
18,70
19,6
19,18
19,34
19,35
19,36
19,40
19,64
19,65
19,66
19,67
19,70
20,8
20,24
20,25
20,27
20,28
20,38
20,39
20,45
20,55
20,59
20,60
20,67
21,4
21,16
21,28
21,29
21,31
21,32
21,33
21,34
21,38
21,39
21,60
21,64
21,65
21,66
21,67
21,68
22,17
22,37
22,38
22,39
22,40
22,42
22,43
22,64
22,65
22,67
22,68
23,39
23,40
23,43
23,60
23,66
23,67
26,20
26,27
29,30
35,18
40,41
42,21
44,22
44,42
44,45
44,46
44,47
44,48
44,49
44,52
44,53
44,54
44,55
44,59
44,60
44,64
44,65
44,66
44,68
44,70
45,69
50,44
50,51
55,56
55,57
55,58
60,61
60,62
60,63
66,69
FN:21
FP:23
1,11
1,12
1,13
1,14
1,28
1,60
2,15
2,16
3,15
3,16
4,21
4,29
4,30
4,31
4,32
4,33
6,17
6,22
7,6
7,18
7,19
8,20
8,23
9,20
9,23
14,15
14,16
15,21
16,21
17,5
18,34
18,35
18,36
18,40
18,64
18,65
18,66
18,67
18,68
18,70
19,6
19,34
19,35
19,36
19,40
19,64
19,65
19,66
19,67
19,70
20,24
20,25
20,26
20,27
20,28
20,38
20,39
20,45
20,55
20,59
20,60
20,66
20,67
21,28
21,29
21,31
21,32
21,33
21,34
21,38
21,39
21,42
21,60
21,64
21,65
21,66
21,67
21,68
22,17
22,37
22,38
22,39
22,40
22,43
22,64
22,65
22,67
22,68
23,39
23,40
23,43
23,60
23,66
23,67
26,27
29,30
40,41
42,22
44,22
44,42
44,45
44,46
44,47
44,48
44,49
44,50
44,52
44,54
44,55
44,59
44,60
44,64
44,65
44,68
44,70
45,66
45,69
50,51
53,44
55,56
55,57
55,58
60,61
60,62
60,63
66,69
FN:8
FP:11
4,2
4,3
5,8
6,8
7,4
7,11
7,39
8,11
9,12
10,12
12,13
13,11
13,39
15,16
15,19
15,20
15,22
16,13
16,19
16,54
18,22
19,22
20,16
20,39
21,17
21,23
21,24
21,25
21,26
21,28
21,29
21,32
21,33
21,34
21,35
21,37
21,38
21,48
21,52
22,39
27,30
27,42
30,21
31,21
35,46
36,46
39,43
39,47
40,46
41,47
42,30
42,49
43,49
44,50
45,50
46,51
47,51
48,53
49,53
50,53
51,53
52,55
53,55
54,56
55,56
FN:13
FP:12
3,2
4,2
4,3
5,8
6,8
7,4
7,11
7,39
8,11
9,12
10,12
12,11
12,13
13,11
13,39
14,13
15,19
15,20
16,13
16,14
16,54
18,19
18,22
19,16
20,16
20,22
20,39
21,17
21,23
21,24
21,25
21,26
21,28
21,29
21,31
21,32
21,33
21,35
21,37
21,38
21,48
21,52
22,19
22,39
27,30
27,42
30,21
34,21
35,46
36,46
39,43
39,47
40,46
41,47
42,30
42,49
43,49
44,50
45,50
46,51
47,51
48,53
49,53
50,53
51,53
52,55
53,55
54,56
55,56
FN:16
FP:19
4,2
4,3
5,8
6,8
7,4
7,11
7,39
8,11
9,12
10,12
12,13
13,11
13,39
15,16
15,19
15,20
15,22
16,13
16,14
16,19
16,22
16,54
18,19
18,22
20,16
20,39
21,17
21,23
21,24
21,25
21,26
21,28
21,29
21,30
21,31
21,32
21,34
21,35
21,37
21,38
21,48
21,52
22,19
22,39
27,42
30,42
33,21
35,46
36,46
39,47
39,49
40,46
41,47
42,43
42,49
44,50
45,50
46,51
47,51
48,53
49,43
49,53
50,53
51,53
52,55
53,55
54,56
55,56
FN:14
FP:16
2,4
3,4
4,7
5,8
6,8
7,11
7,39
8,11
9,12
10,12
12,13
13,11
13,39
15,16
15,19
15,20
16,13
16,14
16,19
16,54
18,19
18,22
20,16
20,22
20,39
21,17
21,23
21,24
21,25
21,26
21,28
21,29
21,30
21,31
21,32
21,34
21,35
21,37
21,38
21,48
21,52
22,19
22,39
27,42
30,42
33,21
35,46
36,46
39,41
39,43
39,47
40,46
42,49
43,49
44,50
45,50
46,51
47,41
47,51
48,53
49,53
50,53
51,53
52,55
53,55
54,56
55,56
FN:11
FP:12
3,2
3,4
4,2
4,7
5,8
6,8
7,11
7,39
8,11
9,12
10,12
12,13
13,11
13,39
14,13
15,19
15,20
16,13
16,14
16,54
18,19
18,22
19,16
20,16
20,22
20,39
21,17
21,23
21,24
21,25
21,26
21,28
21,29
21,31
21,32
21,33
21,34
21,35
21,37
21,38
21,48
21,52
22,19
22,39
27,30
27,42
30,21
35,46
36,46
39,41
39,43
39,47
40,46
42,30
42,49
43,49
44,50
45,50
46,51
47,41
47,51
48,53
49,53
50,53
51,53
52,55
53,55
54,56
55,56
FN:14
FP:17
2,4
3,4
4,7
5,8
6,8
7,11
7,39
8,11
9,12
10,12
12,13
13,11
13,39
14,13
15,19
15,20
16,13
16,14
16,54
18,19
18,22
19,16
20,16
20,22
20,39
21,17
21,23
21,24
21,26
21,28
21,29
21,30
21,31
21,32
21,33
21,34
21,35
21,37
21,38
21,48
21,52
22,19
22,39
25,21
27,42
30,42
35,46
36,46
39,41
39,43
39,47
40,46
42,49
43,49
44,50
45,50
46,51
47,41
47,51
48,53
49,53
50,53
51,53
52,55
53,55
54,56
55,56
FN:12
FP:13
2,4
3,4
4,7
5,8
6,8
7,11
7,39
8,11
9,12
10,12
12,11
12,13
13,11
13,39
14,13
15,19
15,20
16,13
16,14
16,54
18,19
18,22
19,16
20,16
20,22
20,39
21,17
21,23
21,24
21,25
21,26
21,28
21,29
21,31
21,32
21,33
21,34
21,35
21,37
21,38
21,48
21,52
22,19
22,39
27,30
27,42
30,21
35,46
36,46
39,41
39,43
39,47
40,46
42,30
42,49
43,49
44,50
45,50
46,51
47,41
47,51
48,53
49,53
50,53
51,53
52,55
53,55
54,56
55,56
FN:13
FP:16
3,2
4,2
4,3
5,8
6,8
7,4
7,11
7,39
8,11
9,12
10,12
12,11
12,13
13,11
13,16
13,39
14,16
15,18
15,19
15,20
15,22
16,19
16,20
16,54
19,18
19,22
20,39
21,17
21,23
21,24
21,25
21,26
21,28
21,29
21,30
21,31
21,32
21,34
21,35
21,37
21,38
21,42
21,48
21,52
22,18
22,39
27,30
27,42
33,21
35,46
36,46
39,43
39,47
40,46
41,47
42,30
42,49
43,49
44,50
45,50
46,51
47,51
48,53
49,53
50,53
51,53
52,55
53,55
54,56
55,56
FN:10
FP:14
3,2
4,2
4,3
5,8
6,8
7,4
7,11
7,39
8,11
9,12
10,12
12,13
13,11
13,39
14,13
15,19
15,20
16,13
16,14
16,54
18,19
18,22
19,16
20,16
20,22
20,39
21,17
21,23
21,24
21,25
21,26
21,28
21,29
21,31
21,32
21,33
21,34
21,35
21,37
21,38
21,48
21,52
22,19
22,39
27,30
27,42
30,21
35,46
36,46
39,41
39,43
39,47
40,46
42,30
42,49
43,49
44,50
45,50
46,51
47,41
47,51
48,53
49,53
50,53
51,53
52,55
53,55
54,56
55,56
FN:16
FP:19
2,4
3,4
4,7
5,8
6,8
7,11
7,39
8,11
9,12
10,12
12,11
12,13
13,11
13,39
15,16
15,19
15,20
16,13
16,14
16,19
16,54
18,19
18,22
20,16
20,22
20,39
21,17
21,23
21,24
21,25
21,26
21,28
21,29
21,30
21,31
21,32
21,34
21,35
21,37
21,38
21,48
21,52
22,19
22,39
27,42
30,42
33,21
35,46
36,46
39,41
39,43
39,47
40,46
42,49
43,49
44,50
45,50
46,51
47,41
47,51
48,53
49,53
50,53
51,53
52,55
53,55
54,56
55,56
FN:11
FP:13
