1 2
1 11
2 4
2 15
2 19
3 4
3 21
3 25
3 28
3 39
4 17
4 26
4 28
4 30
4 60
5 9
5 11
5 18
5 22
5 24
5 26
5 31
5 44
5 50
6 13
6 16
6 25
6 52
6 58
7 29
7 44
7 45
8 10
8 21
9 47
10 14
11 17
11 23
11 35
11 44
11 45
11 51
11 56
11 59
12 49
13 52
13 54
13 58
15 35
15 52
16 25
17 35
17 45
17 51
17 60
18 24
18 31
19 20
19 22
19 26
19 38
19 48
20 30
20 53
21 25
21 30
21 31
21 39
21 40
22 36
22 37
22 38
22 57
23 56
23 59
24 31
25 39
26 30
26 44
26 48
26 50
27 43
29 44
29 45
30 31
30 39
30 40
30 53
31 39
31 40
35 45
35 51
36 57
39 40
44 45
44 50
45 51
52 58
56 59
